arctic_a0005.npy: IDR: 100.00%   MR: 0.00%       FAR: 0.00%      IDA: 0.276 ms
arctic_a0008.npy: IDR: 96.84%    MR: 1.27%       FAR: 1.90%      IDA: 0.286 ms
arctic_a0004.npy: IDR: 94.58%    MR: 1.97%       FAR: 3.45%      IDA: 0.611 ms
arctic_a0006.npy: IDR: 95.38%    MR: 4.62%       FAR: 0.00%      IDA: 0.359 ms
arctic_a0007.npy: IDR: 98.62%    MR: 0.92%       FAR: 0.46%      IDA: 0.318 ms
arctic_a0009.npy: IDR: 94.35%    MR: 0.56%       FAR: 5.08%      IDA: 0.271 ms
arctic_a0002.npy: IDR: 92.42%    MR: 7.58%       FAR: 0.00%      IDA: 0.381 ms
arctic_a0003.npy: IDR: 96.76%    MR: 0.93%       FAR: 2.31%      IDA: 0.341 ms
arctic_a0010.npy: IDR: 96.51%    MR: 3.10%       FAR: 0.39%      IDA: 0.266 ms
arctic_a0015.npy: IDR: 100.00%   MR: 0.00%       FAR: 0.00%      IDA: 0.249 ms
arctic_a0011.npy: IDR: 93.49%    MR: 5.48%       FAR: 1.03%      IDA: 0.498 ms
arctic_a0012.npy: IDR: 97.31%    MR: 1.08%       FAR: 1.61%      IDA: 0.409 ms
arctic_a0018.npy: IDR: 93.33%    MR: 1.11%       FAR: 5.56%      IDA: 0.205 ms
arctic_a0014.npy: IDR: 97.94%    MR: 0.52%       FAR: 1.55%      IDA: 0.428 ms
arctic_a0021.npy: IDR: 94.44%    MR: 1.85%       FAR: 3.70%      IDA: 0.504 ms
arctic_a0016.npy: IDR: 98.07%    MR: 1.45%       FAR: 0.48%      IDA: 0.346 ms
arctic_a0013.npy: IDR: 93.18%    MR: 5.68%       FAR: 1.14%      IDA: 0.516 ms
arctic_a0017.npy: IDR: 98.86%    MR: 0.76%       FAR: 0.38%      IDA: 0.324 ms
arctic_a0020.npy: IDR: 92.80%    MR: 3.79%       FAR: 3.41%      IDA: 0.476 ms
arctic_a0019.npy: IDR: 95.31%    MR: 1.95%       FAR: 2.73%      IDA: 0.464 ms
arctic_a0028.npy: IDR: 96.15%    MR: 1.54%       FAR: 2.31%      IDA: 0.484 ms
arctic_a0026.npy: IDR: 97.71%    MR: 1.71%       FAR: 0.57%      IDA: 0.409 ms
arctic_a0022.npy: IDR: 95.67%    MR: 3.72%       FAR: 0.62%      IDA: 0.344 ms
arctic_a0030.npy: IDR: 93.51%    MR: 0.00%       FAR: 6.49%      IDA: 0.452 ms
arctic_a0025.npy: IDR: 98.60%    MR: 1.40%       FAR: 0.00%      IDA: 0.461 ms
arctic_a0029.npy: IDR: 95.15%    MR: 2.91%       FAR: 1.94%      IDA: 0.615 ms
arctic_a0024.npy: IDR: 98.01%    MR: 1.59%       FAR: 0.40%      IDA: 0.289 ms
arctic_a0031.npy: IDR: 97.99%    MR: 2.01%       FAR: 0.00%      IDA: 0.392 ms
arctic_a0036.npy: IDR: 97.30%    MR: 1.80%       FAR: 0.90%      IDA: 0.352 ms
arctic_a0037.npy: IDR: 98.38%    MR: 1.08%       FAR: 0.54%      IDA: 0.312 ms
arctic_a0027.npy: IDR: 95.45%    MR: 3.15%       FAR: 1.40%      IDA: 0.459 ms
arctic_a0023.npy: IDR: 96.56%    MR: 2.87%       FAR: 0.57%      IDA: 0.414 ms
arctic_a0038.npy: IDR: 96.23%    MR: 0.94%       FAR: 2.83%      IDA: 0.336 ms
arctic_a0034.npy: IDR: 95.52%    MR: 1.99%       FAR: 2.49%      IDA: 0.569 ms
arctic_a0033.npy: IDR: 95.74%    MR: 1.94%       FAR: 2.33%      IDA: 0.355 ms
arctic_a0032.npy: IDR: 95.35%    MR: 3.26%       FAR: 1.40%      IDA: 0.248 ms
arctic_a0040.npy: IDR: 98.31%    MR: 1.12%       FAR: 0.56%      IDA: 0.266 ms
arctic_a0041.npy: IDR: 96.43%    MR: 1.79%       FAR: 1.79%      IDA: 0.300 ms
arctic_a0039.npy: IDR: 99.39%    MR: 0.00%       FAR: 0.61%      IDA: 0.312 ms
arctic_a0035.npy: IDR: 95.95%    MR: 2.89%       FAR: 1.16%      IDA: 0.415 ms
arctic_a0042.npy: IDR: 98.56%    MR: 1.44%       FAR: 0.00%      IDA: 0.275 ms
arctic_a0045.npy: IDR: 100.00%   MR: 0.00%       FAR: 0.00%      IDA: 0.437 ms
arctic_a0048.npy: IDR: 96.95%    MR: 3.05%       FAR: 0.00%      IDA: 0.313 ms
arctic_a0044.npy: IDR: 97.45%    MR: 2.55%       FAR: 0.00%      IDA: 0.292 ms
arctic_a0049.npy: IDR: 97.09%    MR: 2.91%       FAR: 0.00%      IDA: 0.366 ms
arctic_a0046.npy: IDR: 97.65%    MR: 1.41%       FAR: 0.94%      IDA: 0.400 ms
arctic_a0043.npy: IDR: 97.81%    MR: 2.19%       FAR: 0.00%      IDA: 0.380 ms
arctic_a0047.npy: IDR: 97.87%    MR: 1.06%       FAR: 1.06%      IDA: 0.258 ms
arctic_a0052.npy: IDR: 99.00%    MR: 0.00%       FAR: 1.00%      IDA: 0.140 ms
arctic_a0054.npy: IDR: 99.08%    MR: 0.92%       FAR: 0.00%      IDA: 0.217 ms
arctic_a0057.npy: IDR: 96.50%    MR: 2.10%       FAR: 1.40%      IDA: 0.577 ms
arctic_a0050.npy: IDR: 98.37%    MR: 1.63%       FAR: 0.00%      IDA: 0.371 ms
arctic_a0059.npy: IDR: 99.22%    MR: 0.78%       FAR: 0.00%      IDA: 0.261 ms
arctic_a0053.npy: IDR: 97.62%    MR: 2.38%       FAR: 0.00%      IDA: 0.220 ms
arctic_a0056.npy: IDR: 96.89%    MR: 2.59%       FAR: 0.52%      IDA: 0.601 ms
arctic_a0051.npy: IDR: 96.83%    MR: 3.17%       FAR: 0.00%      IDA: 0.380 ms
arctic_a0060.npy: IDR: 95.83%    MR: 2.38%       FAR: 1.79%      IDA: 0.313 ms
arctic_a0062.npy: IDR: 99.34%    MR: 0.66%       FAR: 0.00%      IDA: 0.298 ms
arctic_a0063.npy: IDR: 97.95%    MR: 2.05%       FAR: 0.00%      IDA: 0.343 ms
arctic_a0066.npy: IDR: 95.65%    MR: 0.72%       FAR: 3.62%      IDA: 0.400 ms
arctic_a0058.npy: IDR: 98.99%    MR: 1.01%       FAR: 0.00%      IDA: 0.258 ms
arctic_a0055.npy: IDR: 96.39%    MR: 3.09%       FAR: 0.52%      IDA: 0.263 ms
arctic_a0061.npy: IDR: 90.28%    MR: 6.94%       FAR: 2.78%      IDA: 0.227 ms
arctic_a0064.npy: IDR: 95.80%    MR: 4.20%       FAR: 0.00%      IDA: 0.346 ms
arctic_a0072.npy: IDR: 94.78%    MR: 5.22%       FAR: 0.00%      IDA: 0.259 ms
arctic_a0067.npy: IDR: 97.55%    MR: 1.23%       FAR: 1.23%      IDA: 0.260 ms
arctic_a0068.npy: IDR: 94.52%    MR: 1.37%       FAR: 4.11%      IDA: 0.272 ms
arctic_a0065.npy: IDR: 97.49%    MR: 2.51%       FAR: 0.00%      IDA: 0.543 ms
arctic_a0071.npy: IDR: 97.89%    MR: 0.00%       FAR: 2.11%      IDA: 0.313 ms
arctic_a0075.npy: IDR: 98.54%    MR: 0.73%       FAR: 0.73%      IDA: 0.248 ms
arctic_a0069.npy: IDR: 98.03%    MR: 1.97%       FAR: 0.00%      IDA: 0.358 ms
arctic_a0070.npy: IDR: 96.97%    MR: 2.53%       FAR: 0.51%      IDA: 0.301 ms
arctic_a0076.npy: IDR: 95.04%    MR: 2.13%       FAR: 2.84%      IDA: 0.419 ms
arctic_a0077.npy: IDR: 95.76%    MR: 1.69%       FAR: 2.54%      IDA: 0.194 ms
arctic_a0079.npy: IDR: 99.12%    MR: 0.88%       FAR: 0.00%      IDA: 0.302 ms
arctic_a0080.npy: IDR: 90.43%    MR: 0.00%       FAR: 9.57%      IDA: 0.290 ms
arctic_a0074.npy: IDR: 95.83%    MR: 3.03%       FAR: 1.14%      IDA: 0.369 ms
arctic_a0078.npy: IDR: 92.97%    MR: 5.95%       FAR: 1.08%      IDA: 0.418 ms
arctic_a0081.npy: IDR: 96.90%    MR: 3.10%       FAR: 0.00%      IDA: 0.481 ms
arctic_a0073.npy: IDR: 97.79%    MR: 2.21%       FAR: 0.00%      IDA: 0.404 ms
arctic_a0082.npy: IDR: 99.07%    MR: 0.93%       FAR: 0.00%      IDA: 0.420 ms
arctic_a0083.npy: IDR: 97.77%    MR: 1.68%       FAR: 0.56%      IDA: 0.363 ms
arctic_a0086.npy: IDR: 95.14%    MR: 4.17%       FAR: 0.69%      IDA: 0.499 ms
arctic_a0085.npy: IDR: 97.31%    MR: 2.15%       FAR: 0.54%      IDA: 0.379 ms
arctic_a0090.npy: IDR: 99.20%    MR: 0.80%       FAR: 0.00%      IDA: 0.392 ms
arctic_a0089.npy: IDR: 100.00%   MR: 0.00%       FAR: 0.00%      IDA: 0.227 ms
arctic_a0087.npy: IDR: 97.37%    MR: 1.05%       FAR: 1.58%      IDA: 0.386 ms
arctic_a0091.npy: IDR: 97.45%    MR: 1.91%       FAR: 0.64%      IDA: 0.429 ms
arctic_a0093.npy: IDR: 97.60%    MR: 1.80%       FAR: 0.60%      IDA: 0.408 ms
arctic_a0084.npy: IDR: 96.25%    MR: 3.75%       FAR: 0.00%      IDA: 0.310 ms
arctic_a0088.npy: IDR: 92.36%    MR: 6.25%       FAR: 1.39%      IDA: 0.389 ms
arctic_a0098.npy: IDR: 94.79%    MR: 0.00%       FAR: 5.21%      IDA: 0.224 ms
arctic_a0094.npy: IDR: 96.94%    MR: 1.31%       FAR: 1.75%      IDA: 0.329 ms
arctic_a0100.npy: IDR: 90.20%    MR: 3.92%       FAR: 5.88%      IDA: 0.297 ms
arctic_a0092.npy: IDR: 95.90%    MR: 1.87%       FAR: 2.24%      IDA: 0.360 ms
arctic_a0099.npy: IDR: 96.68%    MR: 2.07%       FAR: 1.24%      IDA: 0.513 ms
arctic_a0102.npy: IDR: 100.00%   MR: 0.00%       FAR: 0.00%      IDA: 0.257 ms
arctic_a0095.npy: IDR: 93.17%    MR: 6.02%       FAR: 0.80%      IDA: 0.500 ms
arctic_a0101.npy: IDR: 95.54%    MR: 1.27%       FAR: 3.18%      IDA: 0.515 ms
arctic_a0096.npy: IDR: 95.17%    MR: 4.46%       FAR: 0.37%      IDA: 0.321 ms
arctic_a0097.npy: IDR: 97.90%    MR: 2.10%       FAR: 0.00%      IDA: 0.312 ms
arctic_a0103.npy: IDR: 99.50%    MR: 0.50%       FAR: 0.00%      IDA: 0.323 ms
arctic_a0107.npy: IDR: 98.88%    MR: 0.56%       FAR: 0.56%      IDA: 0.362 ms
arctic_a0112.npy: IDR: 94.34%    MR: 3.14%       FAR: 2.52%      IDA: 0.590 ms
arctic_a0110.npy: IDR: 94.78%    MR: 0.87%       FAR: 4.35%      IDA: 0.271 ms
arctic_a0104.npy: IDR: 94.29%    MR: 5.24%       FAR: 0.48%      IDA: 0.364 ms
arctic_a0109.npy: IDR: 96.04%    MR: 1.32%       FAR: 2.64%      IDA: 0.440 ms
arctic_a0108.npy: IDR: 95.53%    MR: 2.85%       FAR: 1.63%      IDA: 0.525 ms
arctic_a0105.npy: IDR: 97.74%    MR: 1.88%       FAR: 0.38%      IDA: 0.329 ms
arctic_a0106.npy: IDR: 98.09%    MR: 1.53%       FAR: 0.38%      IDA: 0.302 ms
arctic_a0114.npy: IDR: 98.39%    MR: 0.54%       FAR: 1.08%      IDA: 0.275 ms
arctic_a0113.npy: IDR: 97.45%    MR: 1.53%       FAR: 1.02%      IDA: 0.301 ms
arctic_a0111.npy: IDR: 96.97%    MR: 3.03%       FAR: 0.00%      IDA: 0.407 ms
arctic_a0119.npy: IDR: 96.48%    MR: 0.00%       FAR: 3.52%      IDA: 0.256 ms
arctic_a0118.npy: IDR: 96.69%    MR: 0.55%       FAR: 2.76%      IDA: 0.382 ms
arctic_a0115.npy: IDR: 95.15%    MR: 3.08%       FAR: 1.76%      IDA: 0.415 ms
arctic_a0116.npy: IDR: 95.80%    MR: 3.50%       FAR: 0.70%      IDA: 0.391 ms
arctic_a0123.npy: IDR: 97.62%    MR: 1.79%       FAR: 0.60%      IDA: 0.463 ms
arctic_a0117.npy: IDR: 99.07%    MR: 0.47%       FAR: 0.47%      IDA: 0.431 ms
arctic_a0120.npy: IDR: 97.30%    MR: 0.90%       FAR: 1.80%      IDA: 0.520 ms
arctic_a0121.npy: IDR: 99.45%    MR: 0.00%       FAR: 0.55%      IDA: 0.311 ms
arctic_a0122.npy: IDR: 93.59%    MR: 3.85%       FAR: 2.56%      IDA: 0.302 ms
arctic_a0124.npy: IDR: 96.41%    MR: 1.54%       FAR: 2.05%      IDA: 0.449 ms
arctic_a0126.npy: IDR: 95.41%    MR: 2.04%       FAR: 2.55%      IDA: 0.363 ms
arctic_a0129.npy: IDR: 98.17%    MR: 0.92%       FAR: 0.92%      IDA: 0.322 ms
arctic_a0127.npy: IDR: 97.14%    MR: 2.14%       FAR: 0.71%      IDA: 0.290 ms
arctic_a0130.npy: IDR: 91.87%    MR: 3.25%       FAR: 4.88%      IDA: 0.510 ms
arctic_a0131.npy: IDR: 96.08%    MR: 2.45%       FAR: 1.47%      IDA: 0.539 ms
arctic_a0128.npy: IDR: 98.18%    MR: 1.82%       FAR: 0.00%      IDA: 0.392 ms
arctic_a0134.npy: IDR: 94.19%    MR: 3.87%       FAR: 1.94%      IDA: 0.684 ms
arctic_a0132.npy: IDR: 100.00%   MR: 0.00%       FAR: 0.00%      IDA: 0.273 ms
arctic_a0125.npy: IDR: 94.37%    MR: 4.58%       FAR: 1.06%      IDA: 0.462 ms
arctic_a0137.npy: IDR: 98.39%    MR: 1.61%       FAR: 0.00%      IDA: 0.403 ms
arctic_a0135.npy: IDR: 98.46%    MR: 1.15%       FAR: 0.38%      IDA: 0.428 ms
arctic_a0140.npy: IDR: 97.53%    MR: 0.00%       FAR: 2.47%      IDA: 0.499 ms
arctic_a0141.npy: IDR: 97.44%    MR: 2.05%       FAR: 0.51%      IDA: 0.356 ms
arctic_a0133.npy: IDR: 96.46%    MR: 2.36%       FAR: 1.18%      IDA: 0.300 ms
arctic_a0138.npy: IDR: 94.04%    MR: 3.83%       FAR: 2.13%      IDA: 0.412 ms
arctic_a0143.npy: IDR: 94.24%    MR: 2.16%       FAR: 3.60%      IDA: 0.696 ms
arctic_a0136.npy: IDR: 92.28%    MR: 5.25%       FAR: 2.47%      IDA: 0.589 ms
arctic_a0142.npy: IDR: 98.03%    MR: 1.97%       FAR: 0.00%      IDA: 0.327 ms
arctic_a0139.npy: IDR: 96.35%    MR: 3.65%       FAR: 0.00%      IDA: 0.438 ms
arctic_a0146.npy: IDR: 95.76%    MR: 0.61%       FAR: 3.64%      IDA: 0.440 ms
arctic_a0150.npy: IDR: 97.67%    MR: 2.33%       FAR: 0.00%      IDA: 0.481 ms
arctic_a0144.npy: IDR: 96.73%    MR: 2.18%       FAR: 1.09%      IDA: 0.428 ms
arctic_a0145.npy: IDR: 96.92%    MR: 2.20%       FAR: 0.88%      IDA: 0.334 ms
arctic_a0148.npy: IDR: 95.70%    MR: 3.76%       FAR: 0.54%      IDA: 0.417 ms
arctic_a0155.npy: IDR: 99.07%    MR: 0.00%       FAR: 0.93%      IDA: 0.537 ms
arctic_a0152.npy: IDR: 99.30%    MR: 0.70%       FAR: 0.00%      IDA: 0.360 ms
arctic_a0158.npy: IDR: 100.00%   MR: 0.00%       FAR: 0.00%      IDA: 0.248 ms
arctic_a0147.npy: IDR: 94.75%    MR: 4.94%       FAR: 0.31%      IDA: 0.416 ms
arctic_a0149.npy: IDR: 97.79%    MR: 1.11%       FAR: 1.11%      IDA: 0.514 ms
arctic_a0151.npy: IDR: 98.72%    MR: 1.28%       FAR: 0.00%      IDA: 0.313 ms
arctic_a0154.npy: IDR: 95.26%    MR: 3.02%       FAR: 1.72%      IDA: 0.409 ms
arctic_a0156.npy: IDR: 95.28%    MR: 3.43%       FAR: 1.29%      IDA: 0.454 ms
arctic_a0153.npy: IDR: 98.21%    MR: 1.79%       FAR: 0.00%      IDA: 0.382 ms
arctic_a0163.npy: IDR: 99.21%    MR: 0.79%       FAR: 0.00%      IDA: 0.441 ms
arctic_a0162.npy: IDR: 97.39%    MR: 0.87%       FAR: 1.74%      IDA: 0.309 ms
arctic_a0157.npy: IDR: 94.47%    MR: 5.07%       FAR: 0.46%      IDA: 0.332 ms
arctic_a0160.npy: IDR: 98.51%    MR: 0.99%       FAR: 0.50%      IDA: 0.331 ms
arctic_a0161.npy: IDR: 97.90%    MR: 0.42%       FAR: 1.68%      IDA: 0.248 ms
arctic_a0159.npy: IDR: 96.90%    MR: 3.10%       FAR: 0.00%      IDA: 0.543 ms
arctic_a0165.npy: IDR: 98.84%    MR: 1.16%       FAR: 0.00%      IDA: 0.330 ms
arctic_a0167.npy: IDR: 97.78%    MR: 0.74%       FAR: 1.48%      IDA: 0.724 ms
arctic_a0169.npy: IDR: 95.30%    MR: 2.01%       FAR: 2.68%      IDA: 0.289 ms
arctic_a0164.npy: IDR: 96.62%    MR: 0.84%       FAR: 2.53%      IDA: 0.354 ms
arctic_a0166.npy: IDR: 94.62%    MR: 2.31%       FAR: 3.08%      IDA: 0.413 ms
arctic_a0174.npy: IDR: 97.83%    MR: 2.17%       FAR: 0.00%      IDA: 0.271 ms
arctic_a0168.npy: IDR: 98.43%    MR: 0.00%       FAR: 1.57%      IDA: 0.434 ms
arctic_a0170.npy: IDR: 94.94%    MR: 2.53%       FAR: 2.53%      IDA: 0.328 ms
arctic_a0173.npy: IDR: 100.00%   MR: 0.00%       FAR: 0.00%      IDA: 0.234 ms
arctic_a0171.npy: IDR: 98.31%    MR: 1.69%       FAR: 0.00%      IDA: 0.346 ms
arctic_a0172.npy: IDR: 96.36%    MR: 2.73%       FAR: 0.91%      IDA: 0.367 ms
arctic_a0175.npy: IDR: 94.71%    MR: 3.96%       FAR: 1.32%      IDA: 0.391 ms
arctic_a0181.npy: IDR: 97.78%    MR: 1.48%       FAR: 0.74%      IDA: 0.312 ms
arctic_a0177.npy: IDR: 96.09%    MR: 3.91%       FAR: 0.00%      IDA: 0.284 ms
arctic_a0179.npy: IDR: 94.30%    MR: 1.55%       FAR: 4.15%      IDA: 0.657 ms
arctic_a0180.npy: IDR: 98.28%    MR: 1.15%       FAR: 0.57%      IDA: 0.282 ms
arctic_a0183.npy: IDR: 100.00%   MR: 0.00%       FAR: 0.00%      IDA: 0.409 ms
arctic_a0182.npy: IDR: 100.00%   MR: 0.00%       FAR: 0.00%      IDA: 0.428 ms
arctic_a0176.npy: IDR: 97.64%    MR: 2.36%       FAR: 0.00%      IDA: 0.418 ms
arctic_a0178.npy: IDR: 96.44%    MR: 2.67%       FAR: 0.89%      IDA: 0.509 ms
arctic_a0184.npy: IDR: 95.29%    MR: 1.76%       FAR: 2.94%      IDA: 0.211 ms
arctic_a0185.npy: IDR: 94.12%    MR: 4.28%       FAR: 1.60%      IDA: 0.362 ms
arctic_a0187.npy: IDR: 98.82%    MR: 1.18%       FAR: 0.00%      IDA: 0.389 ms
arctic_a0192.npy: IDR: 94.44%    MR: 3.33%       FAR: 2.22%      IDA: 0.966 ms
arctic_a0188.npy: IDR: 95.94%    MR: 3.05%       FAR: 1.02%      IDA: 0.416 ms
arctic_a0193.npy: IDR: 100.00%   MR: 0.00%       FAR: 0.00%      IDA: 0.420 ms
arctic_a0189.npy: IDR: 98.10%    MR: 1.43%       FAR: 0.48%      IDA: 0.325 ms
arctic_a0195.npy: IDR: 94.87%    MR: 3.42%       FAR: 1.71%      IDA: 0.478 ms
arctic_a0194.npy: IDR: 96.40%    MR: 1.80%       FAR: 1.80%      IDA: 0.418 ms
arctic_a0186.npy: IDR: 99.21%    MR: 0.79%       FAR: 0.00%      IDA: 0.398 ms
arctic_a0190.npy: IDR: 92.14%    MR: 5.24%       FAR: 2.62%      IDA: 0.628 ms
arctic_a0196.npy: IDR: 97.48%    MR: 1.26%       FAR: 1.26%      IDA: 0.500 ms
arctic_a0191.npy: IDR: 97.59%    MR: 1.61%       FAR: 0.80%      IDA: 0.344 ms
arctic_a0198.npy: IDR: 95.08%    MR: 2.73%       FAR: 2.19%      IDA: 0.301 ms
arctic_a0201.npy: IDR: 97.27%    MR: 1.64%       FAR: 1.09%      IDA: 0.407 ms
arctic_a0200.npy: IDR: 98.22%    MR: 0.89%       FAR: 0.89%      IDA: 0.423 ms
arctic_a0203.npy: IDR: 99.39%    MR: 0.00%       FAR: 0.61%      IDA: 0.330 ms
arctic_a0197.npy: IDR: 98.10%    MR: 1.90%       FAR: 0.00%      IDA: 0.316 ms
arctic_a0199.npy: IDR: 95.13%    MR: 3.98%       FAR: 0.88%      IDA: 0.489 ms
arctic_a0207.npy: IDR: 95.71%    MR: 4.29%       FAR: 0.00%      IDA: 0.399 ms
arctic_a0205.npy: IDR: 93.46%    MR: 3.92%       FAR: 2.61%      IDA: 0.588 ms
arctic_a0206.npy: IDR: 96.15%    MR: 3.85%       FAR: 0.00%      IDA: 0.387 ms
arctic_a0204.npy: IDR: 97.24%    MR: 1.10%       FAR: 1.66%      IDA: 0.436 ms
arctic_a0202.npy: IDR: 99.16%    MR: 0.42%       FAR: 0.42%      IDA: 0.319 ms
arctic_a0215.npy: IDR: 95.24%    MR: 2.86%       FAR: 1.90%      IDA: 0.694 ms
arctic_a0209.npy: IDR: 97.38%    MR: 1.57%       FAR: 1.05%      IDA: 0.628 ms
arctic_a0210.npy: IDR: 96.67%    MR: 2.86%       FAR: 0.48%      IDA: 0.335 ms
arctic_a0208.npy: IDR: 97.00%    MR: 2.00%       FAR: 1.00%      IDA: 0.534 ms
arctic_a0214.npy: IDR: 97.13%    MR: 2.30%       FAR: 0.57%      IDA: 0.366 ms
arctic_a0218.npy: IDR: 94.71%    MR: 2.40%       FAR: 2.88%      IDA: 0.624 ms
arctic_a0211.npy: IDR: 94.92%    MR: 2.37%       FAR: 2.71%      IDA: 0.746 ms
arctic_a0212.npy: IDR: 96.85%    MR: 2.25%       FAR: 0.90%      IDA: 0.287 ms
arctic_a0213.npy: IDR: 98.30%    MR: 1.28%       FAR: 0.43%      IDA: 0.373 ms
arctic_a0216.npy: IDR: 95.63%    MR: 3.57%       FAR: 0.79%      IDA: 0.411 ms
arctic_a0221.npy: IDR: 99.38%    MR: 0.00%       FAR: 0.62%      IDA: 0.340 ms
arctic_a0217.npy: IDR: 97.10%    MR: 0.48%       FAR: 2.42%      IDA: 0.436 ms
arctic_a0222.npy: IDR: 98.77%    MR: 1.23%       FAR: 0.00%      IDA: 0.293 ms
arctic_a0223.npy: IDR: 99.25%    MR: 0.75%       FAR: 0.00%      IDA: 0.315 ms
arctic_a0220.npy: IDR: 98.15%    MR: 1.39%       FAR: 0.46%      IDA: 0.478 ms
arctic_a0226.npy: IDR: 97.95%    MR: 0.00%       FAR: 2.05%      IDA: 0.656 ms
arctic_a0219.npy: IDR: 96.25%    MR: 3.75%       FAR: 0.00%      IDA: 0.341 ms
arctic_a0224.npy: IDR: 96.97%    MR: 2.53%       FAR: 0.51%      IDA: 0.369 ms
arctic_a0228.npy: IDR: 96.69%    MR: 3.31%       FAR: 0.00%      IDA: 0.354 ms
arctic_a0229.npy: IDR: 95.24%    MR: 2.65%       FAR: 2.12%      IDA: 0.319 ms
arctic_a0230.npy: IDR: 97.18%    MR: 0.47%       FAR: 2.35%      IDA: 0.421 ms
arctic_a0225.npy: IDR: 96.70%    MR: 2.20%       FAR: 1.10%      IDA: 0.462 ms
arctic_a0232.npy: IDR: 94.59%    MR: 0.90%       FAR: 4.50%      IDA: 0.469 ms
arctic_a0227.npy: IDR: 97.91%    MR: 2.09%       FAR: 0.00%      IDA: 0.265 ms
arctic_a0236.npy: IDR: 95.88%    MR: 3.09%       FAR: 1.03%      IDA: 0.284 ms
arctic_a0231.npy: IDR: 95.96%    MR: 3.14%       FAR: 0.90%      IDA: 0.273 ms
arctic_a0240.npy: IDR: 98.91%    MR: 1.09%       FAR: 0.00%      IDA: 0.486 ms
arctic_a0235.npy: IDR: 98.02%    MR: 1.98%       FAR: 0.00%      IDA: 0.280 ms
arctic_a0233.npy: IDR: 97.08%    MR: 2.50%       FAR: 0.42%      IDA: 0.321 ms
arctic_a0237.npy: IDR: 98.02%    MR: 1.98%       FAR: 0.00%      IDA: 0.585 ms
arctic_a0241.npy: IDR: 97.50%    MR: 2.50%       FAR: 0.00%      IDA: 0.331 ms
arctic_a0242.npy: IDR: 100.00%   MR: 0.00%       FAR: 0.00%      IDA: 0.250 ms
arctic_a0243.npy: IDR: 96.92%    MR: 0.77%       FAR: 2.31%      IDA: 0.338 ms
arctic_a0234.npy: IDR: 92.96%    MR: 6.69%       FAR: 0.35%      IDA: 0.386 ms
arctic_a0247.npy: IDR: 94.16%    MR: 4.38%       FAR: 1.46%      IDA: 0.482 ms
arctic_a0244.npy: IDR: 93.01%    MR: 6.29%       FAR: 0.70%      IDA: 0.239 ms
arctic_a0248.npy: IDR: 96.36%    MR: 2.42%       FAR: 1.21%      IDA: 0.388 ms
arctic_a0239.npy: IDR: 98.18%    MR: 1.09%       FAR: 0.73%      IDA: 0.421 ms
arctic_a0238.npy: IDR: 96.22%    MR: 3.09%       FAR: 0.69%      IDA: 0.516 ms
arctic_a0246.npy: IDR: 96.53%    MR: 2.43%       FAR: 1.04%      IDA: 0.259 ms
arctic_a0245.npy: IDR: 99.60%    MR: 0.40%       FAR: 0.00%      IDA: 0.364 ms
arctic_a0251.npy: IDR: 95.90%    MR: 3.08%       FAR: 1.03%      IDA: 0.428 ms
arctic_a0252.npy: IDR: 97.09%    MR: 2.27%       FAR: 0.65%      IDA: 0.572 ms
arctic_a0253.npy: IDR: 98.02%    MR: 1.49%       FAR: 0.50%      IDA: 0.377 ms
arctic_a0255.npy: IDR: 96.71%    MR: 2.82%       FAR: 0.47%      IDA: 0.448 ms
arctic_a0257.npy: IDR: 98.86%    MR: 0.57%       FAR: 0.57%      IDA: 0.324 ms
arctic_a0249.npy: IDR: 93.18%    MR: 4.92%       FAR: 1.89%      IDA: 0.557 ms
arctic_a0254.npy: IDR: 96.12%    MR: 3.88%       FAR: 0.00%      IDA: 0.346 ms
arctic_a0256.npy: IDR: 96.35%    MR: 2.28%       FAR: 1.37%      IDA: 0.634 ms
arctic_a0250.npy: IDR: 95.14%    MR: 4.29%       FAR: 0.57%      IDA: 0.362 ms
arctic_a0261.npy: IDR: 96.99%    MR: 3.01%       FAR: 0.00%      IDA: 0.518 ms
arctic_a0259.npy: IDR: 97.30%    MR: 2.03%       FAR: 0.68%      IDA: 0.391 ms
arctic_a0258.npy: IDR: 98.45%    MR: 1.55%       FAR: 0.00%      IDA: 0.357 ms
arctic_a0262.npy: IDR: 97.27%    MR: 2.27%       FAR: 0.45%      IDA: 0.445 ms
arctic_a0263.npy: IDR: 97.70%    MR: 1.72%       FAR: 0.57%      IDA: 0.336 ms
arctic_a0260.npy: IDR: 94.86%    MR: 4.35%       FAR: 0.79%      IDA: 0.278 ms
arctic_a0264.npy: IDR: 97.29%    MR: 0.90%       FAR: 1.81%      IDA: 0.361 ms
arctic_a0266.npy: IDR: 98.10%    MR: 0.48%       FAR: 1.43%      IDA: 0.376 ms
arctic_a0265.npy: IDR: 97.98%    MR: 1.21%       FAR: 0.81%      IDA: 0.412 ms
arctic_a0267.npy: IDR: 97.01%    MR: 2.99%       FAR: 0.00%      IDA: 0.279 ms
arctic_a0272.npy: IDR: 98.15%    MR: 1.85%       FAR: 0.00%      IDA: 0.681 ms
arctic_a0270.npy: IDR: 94.00%    MR: 5.00%       FAR: 1.00%      IDA: 0.521 ms
arctic_a0271.npy: IDR: 98.26%    MR: 1.74%       FAR: 0.00%      IDA: 0.310 ms
arctic_a0268.npy: IDR: 95.89%    MR: 3.80%       FAR: 0.32%      IDA: 0.476 ms
arctic_a0273.npy: IDR: 99.03%    MR: 0.97%       FAR: 0.00%      IDA: 0.306 ms
arctic_a0275.npy: IDR: 97.83%    MR: 1.30%       FAR: 0.87%      IDA: 0.392 ms
arctic_a0269.npy: IDR: 94.76%    MR: 2.38%       FAR: 2.86%      IDA: 0.463 ms
arctic_a0274.npy: IDR: 96.30%    MR: 2.88%       FAR: 0.82%      IDA: 0.478 ms
arctic_a0278.npy: IDR: 98.65%    MR: 0.68%       FAR: 0.68%      IDA: 0.458 ms
arctic_a0279.npy: IDR: 97.25%    MR: 1.83%       FAR: 0.92%      IDA: 0.583 ms
arctic_a0280.npy: IDR: 96.02%    MR: 2.99%       FAR: 1.00%      IDA: 0.515 ms
arctic_a0281.npy: IDR: 93.36%    MR: 5.75%       FAR: 0.88%      IDA: 0.357 ms
arctic_a0276.npy: IDR: 95.71%    MR: 4.00%       FAR: 0.29%      IDA: 0.460 ms
arctic_a0277.npy: IDR: 97.59%    MR: 2.41%       FAR: 0.00%      IDA: 0.285 ms
arctic_a0282.npy: IDR: 98.92%    MR: 1.08%       FAR: 0.00%      IDA: 0.411 ms
arctic_a0287.npy: IDR: 96.04%    MR: 0.00%       FAR: 3.96%      IDA: 0.620 ms
arctic_a0284.npy: IDR: 99.11%    MR: 0.89%       FAR: 0.00%      IDA: 0.365 ms
arctic_a0285.npy: IDR: 95.56%    MR: 3.23%       FAR: 1.21%      IDA: 0.373 ms
arctic_a0288.npy: IDR: 100.00%   MR: 0.00%       FAR: 0.00%      IDA: 0.361 ms
arctic_a0286.npy: IDR: 98.77%    MR: 0.41%       FAR: 0.82%      IDA: 0.372 ms
arctic_a0290.npy: IDR: 97.80%    MR: 1.65%       FAR: 0.55%      IDA: 0.482 ms
arctic_a0283.npy: IDR: 98.76%    MR: 0.62%       FAR: 0.62%      IDA: 0.354 ms
arctic_a0293.npy: IDR: 98.68%    MR: 1.32%       FAR: 0.00%      IDA: 0.502 ms
arctic_a0296.npy: IDR: 99.08%    MR: 0.92%       FAR: 0.00%      IDA: 0.357 ms
arctic_a0289.npy: IDR: 99.48%    MR: 0.00%       FAR: 0.52%      IDA: 0.269 ms
arctic_a0294.npy: IDR: 97.53%    MR: 1.85%       FAR: 0.62%      IDA: 0.337 ms
arctic_a0292.npy: IDR: 97.14%    MR: 1.43%       FAR: 1.43%      IDA: 0.426 ms
arctic_a0291.npy: IDR: 98.74%    MR: 0.84%       FAR: 0.42%      IDA: 0.510 ms
arctic_a0295.npy: IDR: 97.85%    MR: 2.15%       FAR: 0.00%      IDA: 0.277 ms
arctic_a0301.npy: IDR: 98.42%    MR: 1.05%       FAR: 0.53%      IDA: 0.454 ms
arctic_a0297.npy: IDR: 97.41%    MR: 2.59%       FAR: 0.00%      IDA: 0.415 ms
arctic_a0304.npy: IDR: 92.31%    MR: 5.92%       FAR: 1.78%      IDA: 0.395 ms
arctic_a0300.npy: IDR: 97.54%    MR: 2.11%       FAR: 0.35%      IDA: 0.423 ms
arctic_a0303.npy: IDR: 98.13%    MR: 1.87%       FAR: 0.00%      IDA: 0.278 ms
arctic_a0299.npy: IDR: 96.97%    MR: 1.14%       FAR: 1.89%      IDA: 0.325 ms
arctic_a0298.npy: IDR: 99.18%    MR: 0.41%       FAR: 0.41%      IDA: 0.295 ms
arctic_a0306.npy: IDR: 98.57%    MR: 0.95%       FAR: 0.48%      IDA: 0.335 ms
arctic_a0309.npy: IDR: 96.38%    MR: 0.72%       FAR: 2.90%      IDA: 0.466 ms
arctic_a0302.npy: IDR: 96.71%    MR: 3.29%       FAR: 0.00%      IDA: 0.335 ms
arctic_a0307.npy: IDR: 96.04%    MR: 2.16%       FAR: 1.80%      IDA: 0.439 ms
arctic_a0311.npy: IDR: 95.56%    MR: 2.96%       FAR: 1.48%      IDA: 0.400 ms
arctic_a0310.npy: IDR: 97.55%    MR: 1.84%       FAR: 0.61%      IDA: 0.314 ms
arctic_a0305.npy: IDR: 97.17%    MR: 1.42%       FAR: 1.42%      IDA: 0.383 ms
arctic_a0313.npy: IDR: 98.32%    MR: 1.68%       FAR: 0.00%      IDA: 0.444 ms
arctic_a0308.npy: IDR: 97.45%    MR: 2.55%       FAR: 0.00%      IDA: 0.434 ms
arctic_a0317.npy: IDR: 96.06%    MR: 1.57%       FAR: 2.36%      IDA: 0.340 ms
arctic_a0314.npy: IDR: 95.42%    MR: 2.92%       FAR: 1.67%      IDA: 0.523 ms
arctic_a0316.npy: IDR: 98.39%    MR: 1.08%       FAR: 0.54%      IDA: 0.385 ms
arctic_a0312.npy: IDR: 95.60%    MR: 2.93%       FAR: 1.47%      IDA: 0.347 ms
arctic_a0322.npy: IDR: 95.68%    MR: 3.09%       FAR: 1.23%      IDA: 0.320 ms
arctic_a0315.npy: IDR: 95.74%    MR: 0.78%       FAR: 3.49%      IDA: 0.489 ms
arctic_a0321.npy: IDR: 93.12%    MR: 5.43%       FAR: 1.45%      IDA: 0.703 ms
arctic_a0318.npy: IDR: 94.20%    MR: 2.23%       FAR: 3.57%      IDA: 0.310 ms
arctic_a0320.npy: IDR: 96.50%    MR: 2.33%       FAR: 1.17%      IDA: 0.526 ms
arctic_a0319.npy: IDR: 98.56%    MR: 1.08%       FAR: 0.36%      IDA: 0.380 ms
arctic_a0329.npy: IDR: 89.33%    MR: 1.33%       FAR: 9.33%      IDA: 0.500 ms
arctic_a0326.npy: IDR: 98.40%    MR: 0.53%       FAR: 1.06%      IDA: 0.392 ms
arctic_a0324.npy: IDR: 95.76%    MR: 3.18%       FAR: 1.06%      IDA: 0.507 ms
arctic_a0323.npy: IDR: 98.39%    MR: 1.20%       FAR: 0.40%      IDA: 0.323 ms
arctic_a0328.npy: IDR: 97.21%    MR: 1.68%       FAR: 1.12%      IDA: 0.441 ms
arctic_a0333.npy: IDR: 98.11%    MR: 0.94%       FAR: 0.94%      IDA: 0.189 ms
arctic_a0331.npy: IDR: 96.72%    MR: 2.19%       FAR: 1.09%      IDA: 0.225 ms
arctic_a0330.npy: IDR: 95.87%    MR: 2.29%       FAR: 1.83%      IDA: 0.413 ms
arctic_a0327.npy: IDR: 94.25%    MR: 0.00%       FAR: 5.75%      IDA: 0.610 ms
arctic_a0325.npy: IDR: 96.54%    MR: 2.16%       FAR: 1.30%      IDA: 0.625 ms
arctic_a0334.npy: IDR: 98.22%    MR: 0.59%       FAR: 1.18%      IDA: 0.349 ms
arctic_a0340.npy: IDR: 92.86%    MR: 3.57%       FAR: 3.57%      IDA: 0.433 ms
arctic_a0338.npy: IDR: 97.95%    MR: 2.05%       FAR: 0.00%      IDA: 0.433 ms
arctic_a0335.npy: IDR: 96.04%    MR: 1.32%       FAR: 2.64%      IDA: 0.434 ms
arctic_a0339.npy: IDR: 96.80%    MR: 1.83%       FAR: 1.37%      IDA: 0.283 ms
arctic_a0341.npy: IDR: 96.46%    MR: 1.01%       FAR: 2.53%      IDA: 0.396 ms
arctic_a0342.npy: IDR: 97.35%    MR: 1.32%       FAR: 1.32%      IDA: 0.335 ms
arctic_a0343.npy: IDR: 96.73%    MR: 2.61%       FAR: 0.65%      IDA: 0.272 ms
arctic_a0336.npy: IDR: 97.85%    MR: 1.29%       FAR: 0.86%      IDA: 0.363 ms
arctic_a0332.npy: IDR: 97.11%    MR: 2.57%       FAR: 0.32%      IDA: 0.437 ms
arctic_a0346.npy: IDR: 96.12%    MR: 2.33%       FAR: 1.55%      IDA: 0.797 ms
arctic_a0337.npy: IDR: 99.60%    MR: 0.40%       FAR: 0.00%      IDA: 0.609 ms
arctic_a0351.npy: IDR: 98.13%    MR: 1.87%       FAR: 0.00%      IDA: 0.262 ms
arctic_a0344.npy: IDR: 96.74%    MR: 2.72%       FAR: 0.54%      IDA: 0.343 ms
arctic_a0348.npy: IDR: 98.22%    MR: 1.78%       FAR: 0.00%      IDA: 0.278 ms
arctic_a0345.npy: IDR: 96.28%    MR: 2.13%       FAR: 1.60%      IDA: 0.506 ms
arctic_a0352.npy: IDR: 95.65%    MR: 1.74%       FAR: 2.61%      IDA: 0.376 ms
arctic_a0354.npy: IDR: 100.00%   MR: 0.00%       FAR: 0.00%      IDA: 0.561 ms
arctic_a0349.npy: IDR: 99.47%    MR: 0.53%       FAR: 0.00%      IDA: 0.535 ms
arctic_a0353.npy: IDR: 99.46%    MR: 0.00%       FAR: 0.54%      IDA: 0.335 ms
arctic_a0350.npy: IDR: 97.22%    MR: 2.38%       FAR: 0.40%      IDA: 0.427 ms
arctic_a0355.npy: IDR: 97.32%    MR: 2.68%       FAR: 0.00%      IDA: 0.408 ms
arctic_a0356.npy: IDR: 96.82%    MR: 1.91%       FAR: 1.27%      IDA: 0.294 ms
arctic_a0347.npy: IDR: 95.52%    MR: 2.99%       FAR: 1.49%      IDA: 0.469 ms
arctic_a0359.npy: IDR: 93.75%    MR: 3.12%       FAR: 3.12%      IDA: 0.514 ms
arctic_a0362.npy: IDR: 98.08%    MR: 0.00%       FAR: 1.92%      IDA: 0.405 ms
arctic_a0363.npy: IDR: 99.38%    MR: 0.00%       FAR: 0.62%      IDA: 0.368 ms
arctic_a0357.npy: IDR: 98.07%    MR: 0.97%       FAR: 0.97%      IDA: 0.500 ms
arctic_a0360.npy: IDR: 95.70%    MR: 2.73%       FAR: 1.56%      IDA: 0.368 ms
arctic_a0361.npy: IDR: 97.10%    MR: 2.90%       FAR: 0.00%      IDA: 0.339 ms
arctic_a0365.npy: IDR: 96.45%    MR: 2.03%       FAR: 1.52%      IDA: 0.679 ms
arctic_a0364.npy: IDR: 97.72%    MR: 2.28%       FAR: 0.00%      IDA: 0.302 ms
arctic_a0358.npy: IDR: 97.83%    MR: 1.81%       FAR: 0.36%      IDA: 0.335 ms
arctic_a0367.npy: IDR: 96.00%    MR: 1.50%       FAR: 2.50%      IDA: 0.534 ms
arctic_a0370.npy: IDR: 99.51%    MR: 0.49%       FAR: 0.00%      IDA: 0.430 ms
arctic_a0371.npy: IDR: 97.03%    MR: 2.54%       FAR: 0.42%      IDA: 0.418 ms
arctic_a0374.npy: IDR: 98.25%    MR: 0.58%       FAR: 1.17%      IDA: 0.321 ms
arctic_a0372.npy: IDR: 98.27%    MR: 0.00%       FAR: 1.73%      IDA: 0.444 ms
arctic_a0368.npy: IDR: 97.19%    MR: 0.40%       FAR: 2.41%      IDA: 0.468 ms
arctic_a0373.npy: IDR: 96.25%    MR: 3.12%       FAR: 0.62%      IDA: 0.395 ms
arctic_a0379.npy: IDR: 97.66%    MR: 0.78%       FAR: 1.56%      IDA: 0.641 ms
arctic_a0366.npy: IDR: 97.40%    MR: 1.30%       FAR: 1.30%      IDA: 0.498 ms
arctic_a0369.npy: IDR: 93.68%    MR: 4.83%       FAR: 1.49%      IDA: 0.258 ms
arctic_a0381.npy: IDR: 98.89%    MR: 1.11%       FAR: 0.00%      IDA: 0.680 ms
arctic_a0376.npy: IDR: 98.12%    MR: 0.00%       FAR: 1.88%      IDA: 0.413 ms
arctic_a0378.npy: IDR: 95.32%    MR: 3.40%       FAR: 1.28%      IDA: 0.531 ms
arctic_a0377.npy: IDR: 96.30%    MR: 2.12%       FAR: 1.59%      IDA: 0.360 ms
arctic_a0385.npy: IDR: 92.59%    MR: 0.00%       FAR: 7.41%      IDA: 0.363 ms
arctic_a0384.npy: IDR: 98.46%    MR: 1.54%       FAR: 0.00%      IDA: 0.259 ms
arctic_a0375.npy: IDR: 97.34%    MR: 1.99%       FAR: 0.66%      IDA: 0.406 ms
arctic_a0386.npy: IDR: 96.97%    MR: 2.42%       FAR: 0.61%      IDA: 0.377 ms
arctic_a0388.npy: IDR: 96.38%    MR: 3.62%       FAR: 0.00%      IDA: 0.339 ms
arctic_a0389.npy: IDR: 98.51%    MR: 1.49%       FAR: 0.00%      IDA: 0.814 ms
arctic_a0382.npy: IDR: 98.95%    MR: 0.70%       FAR: 0.35%      IDA: 0.381 ms
arctic_a0383.npy: IDR: 97.06%    MR: 2.94%       FAR: 0.00%      IDA: 0.265 ms
arctic_a0390.npy: IDR: 99.41%    MR: 0.00%       FAR: 0.59%      IDA: 0.407 ms
arctic_a0380.npy: IDR: 98.82%    MR: 0.88%       FAR: 0.29%      IDA: 0.345 ms
arctic_a0393.npy: IDR: 94.79%    MR: 2.84%       FAR: 2.37%      IDA: 0.497 ms
arctic_a0391.npy: IDR: 98.91%    MR: 1.09%       FAR: 0.00%      IDA: 0.416 ms
arctic_a0396.npy: IDR: 91.71%    MR: 6.34%       FAR: 1.95%      IDA: 0.549 ms
arctic_a0394.npy: IDR: 95.63%    MR: 3.88%       FAR: 0.49%      IDA: 0.423 ms
arctic_a0397.npy: IDR: 95.38%    MR: 4.10%       FAR: 0.51%      IDA: 0.375 ms
arctic_a0392.npy: IDR: 96.81%    MR: 2.39%       FAR: 0.80%      IDA: 0.362 ms
arctic_a0399.npy: IDR: 99.26%    MR: 0.74%       FAR: 0.00%      IDA: 0.337 ms
arctic_a0387.npy: IDR: 95.18%    MR: 1.75%       FAR: 3.07%      IDA: 0.400 ms
arctic_a0400.npy: IDR: 98.41%    MR: 1.59%       FAR: 0.00%      IDA: 0.416 ms
arctic_a0395.npy: IDR: 98.72%    MR: 0.85%       FAR: 0.43%      IDA: 0.471 ms
arctic_a0401.npy: IDR: 97.12%    MR: 1.23%       FAR: 1.65%      IDA: 0.403 ms
arctic_a0404.npy: IDR: 96.76%    MR: 2.31%       FAR: 0.93%      IDA: 0.614 ms
arctic_a0403.npy: IDR: 97.65%    MR: 1.96%       FAR: 0.39%      IDA: 0.294 ms
arctic_a0406.npy: IDR: 94.97%    MR: 3.77%       FAR: 1.26%      IDA: 0.387 ms
arctic_a0398.npy: IDR: 97.61%    MR: 1.02%       FAR: 1.37%      IDA: 0.399 ms
arctic_a0402.npy: IDR: 97.92%    MR: 1.39%       FAR: 0.69%      IDA: 0.485 ms
arctic_a0409.npy: IDR: 98.43%    MR: 0.52%       FAR: 1.05%      IDA: 0.732 ms
arctic_a0405.npy: IDR: 96.97%    MR: 1.89%       FAR: 1.14%      IDA: 0.615 ms
arctic_a0413.npy: IDR: 96.20%    MR: 2.53%       FAR: 1.27%      IDA: 0.364 ms
arctic_a0412.npy: IDR: 98.26%    MR: 0.58%       FAR: 1.16%      IDA: 0.383 ms
arctic_a0414.npy: IDR: 96.91%    MR: 0.62%       FAR: 2.47%      IDA: 0.429 ms
arctic_a0415.npy: IDR: 96.58%    MR: 3.42%       FAR: 0.00%      IDA: 0.354 ms
arctic_a0410.npy: IDR: 96.96%    MR: 3.04%       FAR: 0.00%      IDA: 0.338 ms
arctic_a0411.npy: IDR: 97.21%    MR: 1.86%       FAR: 0.93%      IDA: 0.257 ms
arctic_a0408.npy: IDR: 98.33%    MR: 1.26%       FAR: 0.42%      IDA: 0.328 ms
arctic_a0417.npy: IDR: 98.96%    MR: 1.04%       FAR: 0.00%      IDA: 0.308 ms
arctic_a0421.npy: IDR: 94.70%    MR: 2.65%       FAR: 2.65%      IDA: 0.666 ms
arctic_a0419.npy: IDR: 94.74%    MR: 5.26%       FAR: 0.00%      IDA: 0.518 ms
arctic_a0418.npy: IDR: 98.20%    MR: 1.80%       FAR: 0.00%      IDA: 0.346 ms
arctic_a0416.npy: IDR: 96.52%    MR: 1.05%       FAR: 2.44%      IDA: 0.497 ms
arctic_a0423.npy: IDR: 97.10%    MR: 2.49%       FAR: 0.41%      IDA: 0.390 ms
arctic_a0426.npy: IDR: 98.02%    MR: 1.98%       FAR: 0.00%      IDA: 0.524 ms
arctic_a0407.npy: IDR: 97.19%    MR: 1.69%       FAR: 1.12%      IDA: 0.512 ms
arctic_a0420.npy: IDR: 97.62%    MR: 2.38%       FAR: 0.00%      IDA: 0.322 ms
arctic_a0427.npy: IDR: 99.43%    MR: 0.57%       FAR: 0.00%      IDA: 0.281 ms
arctic_a0425.npy: IDR: 94.65%    MR: 4.53%       FAR: 0.82%      IDA: 0.482 ms
arctic_a0428.npy: IDR: 95.86%    MR: 3.45%       FAR: 0.69%      IDA: 0.485 ms
arctic_a0422.npy: IDR: 95.83%    MR: 3.87%       FAR: 0.30%      IDA: 0.462 ms
arctic_a0424.npy: IDR: 98.40%    MR: 1.60%       FAR: 0.00%      IDA: 0.504 ms
arctic_a0432.npy: IDR: 99.34%    MR: 0.00%       FAR: 0.66%      IDA: 0.267 ms
arctic_a0431.npy: IDR: 93.51%    MR: 1.95%       FAR: 4.55%      IDA: 0.396 ms
arctic_a0435.npy: IDR: 98.94%    MR: 1.06%       FAR: 0.00%      IDA: 0.332 ms
arctic_a0436.npy: IDR: 99.34%    MR: 0.66%       FAR: 0.00%      IDA: 0.293 ms
arctic_a0434.npy: IDR: 93.47%    MR: 6.03%       FAR: 0.50%      IDA: 0.457 ms
arctic_a0433.npy: IDR: 97.01%    MR: 1.28%       FAR: 1.71%      IDA: 0.383 ms
arctic_a0440.npy: IDR: 97.67%    MR: 2.33%       FAR: 0.00%      IDA: 0.201 ms
arctic_a0430.npy: IDR: 96.55%    MR: 3.45%       FAR: 0.00%      IDA: 0.363 ms
arctic_a0429.npy: IDR: 98.43%    MR: 1.18%       FAR: 0.39%      IDA: 0.421 ms
arctic_a0443.npy: IDR: 99.25%    MR: 0.75%       FAR: 0.00%      IDA: 0.296 ms
arctic_a0438.npy: IDR: 97.55%    MR: 1.47%       FAR: 0.98%      IDA: 0.348 ms
arctic_a0444.npy: IDR: 98.71%    MR: 0.00%       FAR: 1.29%      IDA: 0.449 ms
arctic_a0445.npy: IDR: 94.87%    MR: 2.56%       FAR: 2.56%      IDA: 0.557 ms
arctic_a0442.npy: IDR: 96.82%    MR: 3.18%       FAR: 0.00%      IDA: 0.395 ms
arctic_a0437.npy: IDR: 96.09%    MR: 3.91%       FAR: 0.00%      IDA: 0.378 ms
arctic_a0439.npy: IDR: 98.86%    MR: 1.14%       FAR: 0.00%      IDA: 0.265 ms
arctic_a0447.npy: IDR: 97.11%    MR: 2.31%       FAR: 0.58%      IDA: 0.589 ms
arctic_a0441.npy: IDR: 95.27%    MR: 3.27%       FAR: 1.45%      IDA: 0.455 ms
arctic_a0450.npy: IDR: 98.45%    MR: 1.03%       FAR: 0.52%      IDA: 0.335 ms
arctic_a0446.npy: IDR: 95.92%    MR: 2.45%       FAR: 1.63%      IDA: 0.454 ms
arctic_a0453.npy: IDR: 100.00%   MR: 0.00%       FAR: 0.00%      IDA: 0.375 ms
arctic_a0448.npy: IDR: 96.84%    MR: 3.16%       FAR: 0.00%      IDA: 0.428 ms
arctic_a0451.npy: IDR: 99.49%    MR: 0.00%       FAR: 0.51%      IDA: 0.366 ms
arctic_a0454.npy: IDR: 96.99%    MR: 1.81%       FAR: 1.20%      IDA: 0.408 ms
arctic_a0452.npy: IDR: 98.27%    MR: 1.73%       FAR: 0.00%      IDA: 0.224 ms
arctic_a0449.npy: IDR: 97.13%    MR: 2.46%       FAR: 0.41%      IDA: 0.269 ms
arctic_a0457.npy: IDR: 96.43%    MR: 2.38%       FAR: 1.19%      IDA: 0.424 ms
arctic_a0458.npy: IDR: 96.99%    MR: 2.26%       FAR: 0.75%      IDA: 0.366 ms
arctic_a0459.npy: IDR: 95.74%    MR: 2.84%       FAR: 1.42%      IDA: 0.510 ms
arctic_a0460.npy: IDR: 98.11%    MR: 0.94%       FAR: 0.94%      IDA: 0.385 ms
arctic_a0456.npy: IDR: 96.81%    MR: 1.60%       FAR: 1.60%      IDA: 0.656 ms
arctic_a0455.npy: IDR: 94.66%    MR: 4.20%       FAR: 1.15%      IDA: 0.417 ms
arctic_a0461.npy: IDR: 98.86%    MR: 1.14%       FAR: 0.00%      IDA: 0.357 ms
arctic_a0462.npy: IDR: 97.75%    MR: 1.80%       FAR: 0.45%      IDA: 0.301 ms
arctic_a0467.npy: IDR: 100.00%   MR: 0.00%       FAR: 0.00%      IDA: 0.242 ms
arctic_a0465.npy: IDR: 96.28%    MR: 3.26%       FAR: 0.47%      IDA: 0.473 ms
arctic_a0463.npy: IDR: 96.93%    MR: 3.07%       FAR: 0.00%      IDA: 0.267 ms
arctic_a0468.npy: IDR: 97.49%    MR: 1.01%       FAR: 1.51%      IDA: 0.329 ms
arctic_a0470.npy: IDR: 96.35%    MR: 3.65%       FAR: 0.00%      IDA: 0.655 ms
arctic_a0466.npy: IDR: 97.60%    MR: 1.92%       FAR: 0.48%      IDA: 0.332 ms
arctic_a0469.npy: IDR: 97.22%    MR: 2.08%       FAR: 0.69%      IDA: 0.369 ms
arctic_a0473.npy: IDR: 99.16%    MR: 0.00%       FAR: 0.84%      IDA: 0.291 ms
arctic_a0464.npy: IDR: 97.92%    MR: 0.42%       FAR: 1.67%      IDA: 0.345 ms
arctic_a0471.npy: IDR: 98.11%    MR: 1.42%       FAR: 0.47%      IDA: 0.496 ms
arctic_a0476.npy: IDR: 99.28%    MR: 0.72%       FAR: 0.00%      IDA: 0.290 ms
arctic_a0475.npy: IDR: 97.25%    MR: 2.20%       FAR: 0.55%      IDA: 0.334 ms
arctic_a0474.npy: IDR: 97.92%    MR: 1.74%       FAR: 0.35%      IDA: 0.403 ms
arctic_a0480.npy: IDR: 93.39%    MR: 4.96%       FAR: 1.65%      IDA: 0.247 ms
arctic_a0484.npy: IDR: 96.30%    MR: 0.00%       FAR: 3.70%      IDA: 0.191 ms
arctic_a0478.npy: IDR: 99.20%    MR: 0.80%       FAR: 0.00%      IDA: 0.424 ms
arctic_a0477.npy: IDR: 98.56%    MR: 1.08%       FAR: 0.36%      IDA: 0.262 ms
arctic_a0479.npy: IDR: 97.74%    MR: 0.75%       FAR: 1.51%      IDA: 0.458 ms
arctic_a0472.npy: IDR: 97.55%    MR: 2.45%       FAR: 0.00%      IDA: 0.310 ms
arctic_a0482.npy: IDR: 96.97%    MR: 3.03%       FAR: 0.00%      IDA: 0.364 ms
arctic_a0485.npy: IDR: 95.27%    MR: 4.14%       FAR: 0.59%      IDA: 0.571 ms
arctic_a0486.npy: IDR: 96.13%    MR: 3.87%       FAR: 0.00%      IDA: 0.342 ms
arctic_a0481.npy: IDR: 99.17%    MR: 0.00%       FAR: 0.83%      IDA: 0.415 ms
arctic_a0483.npy: IDR: 92.86%    MR: 6.79%       FAR: 0.36%      IDA: 0.417 ms
arctic_a0488.npy: IDR: 98.47%    MR: 0.51%       FAR: 1.02%      IDA: 0.344 ms
arctic_a0489.npy: IDR: 95.38%    MR: 1.54%       FAR: 3.08%      IDA: 0.397 ms
arctic_a0492.npy: IDR: 96.69%    MR: 3.31%       FAR: 0.00%      IDA: 0.233 ms
arctic_a0496.npy: IDR: 98.03%    MR: 1.32%       FAR: 0.66%      IDA: 0.301 ms
arctic_a0493.npy: IDR: 96.49%    MR: 2.34%       FAR: 1.17%      IDA: 0.527 ms
arctic_a0490.npy: IDR: 96.63%    MR: 2.40%       FAR: 0.96%      IDA: 0.432 ms
arctic_a0495.npy: IDR: 97.44%    MR: 1.54%       FAR: 1.03%      IDA: 0.390 ms
arctic_a0497.npy: IDR: 99.24%    MR: 0.00%       FAR: 0.76%      IDA: 0.296 ms
arctic_a0491.npy: IDR: 99.59%    MR: 0.00%       FAR: 0.41%      IDA: 0.359 ms
arctic_a0494.npy: IDR: 98.13%    MR: 1.40%       FAR: 0.47%      IDA: 0.626 ms
arctic_a0498.npy: IDR: 96.18%    MR: 3.18%       FAR: 0.64%      IDA: 0.379 ms
arctic_a0487.npy: IDR: 94.53%    MR: 3.95%       FAR: 1.52%      IDA: 0.301 ms
arctic_a0499.npy: IDR: 98.33%    MR: 1.67%       FAR: 0.00%      IDA: 0.507 ms
arctic_a0504.npy: IDR: 95.33%    MR: 1.87%       FAR: 2.80%      IDA: 0.564 ms
arctic_a0500.npy: IDR: 97.01%    MR: 2.99%       FAR: 0.00%      IDA: 0.433 ms
arctic_a0505.npy: IDR: 96.69%    MR: 2.65%       FAR: 0.66%      IDA: 0.319 ms
arctic_a0501.npy: IDR: 96.70%    MR: 0.94%       FAR: 2.36%      IDA: 0.299 ms
arctic_a0506.npy: IDR: 96.23%    MR: 3.02%       FAR: 0.75%      IDA: 0.650 ms
arctic_a0508.npy: IDR: 96.24%    MR: 2.82%       FAR: 0.94%      IDA: 0.312 ms
arctic_a0503.npy: IDR: 95.04%    MR: 3.90%       FAR: 1.06%      IDA: 0.575 ms
arctic_a0509.npy: IDR: 97.81%    MR: 0.00%       FAR: 2.19%      IDA: 0.231 ms
