Amyotrophe Lateralsklerose
1242-phrase.npy: IDR: 100.00%    MR: 0.00%       FAR: 0.00%      IDA: 0.323 ms
2373-phrase.npy: IDR: 100.00%    MR: 0.00%       FAR: 0.00%      IDA: 0.777 ms

identification_rate:  1.0 miss_rate:  0.0 false_alarm_rate:  0.0 identification_accuracy:0.00055

Aryluxation
1201-phrase.npy: IDR: 88.06%     MR: 4.48%       FAR: 7.46%      IDA: 1.850 ms
1575-phrase.npy: IDR: 96.27%     MR: 1.86%       FAR: 1.86%      IDA: 1.540 ms
1678-phrase.npy: IDR: 85.71%     MR: 0.00%       FAR: 14.29%     IDA: 2.430 ms
1887-phrase.npy: IDR: 93.98%     MR: 1.50%       FAR: 4.51%      IDA: 1.481 ms
1906-phrase.npy: IDR: 94.04%     MR: 1.99%       FAR: 3.97%      IDA: 1.705 ms
1894-phrase.npy: IDR: 92.74%     MR: 4.03%       FAR: 3.23%      IDA: 0.911 ms

identification_rate:0.918 miss_rate:0.02311 false_alarm_rate:0.05887 identification_accuracy:0.001653

Balbuties
668-phrase.npy: IDR: 93.12%      MR: 3.24%       FAR: 3.64%      IDA: 1.589 ms
672-phrase.npy: IDR: 100.00%     MR: 0.00%       FAR: 0.00%      IDA: 0.436 ms
1296-phrase.npy: IDR: 99.16%     MR: 0.84%       FAR: 0.00%      IDA: 0.413 ms
892-phrase.npy: IDR: 99.34%      MR: 0.00%       FAR: 0.66%      IDA: 0.263 ms
1650-phrase.npy: IDR: 100.00%    MR: 0.00%       FAR: 0.00%      IDA: 0.311 ms
930-phrase.npy: IDR: 98.92%      MR: 1.08%       FAR: 0.00%      IDA: 0.566 ms
1297-phrase.npy: IDR: 99.38%     MR: 0.00%       FAR: 0.62%      IDA: 0.533 ms
1483-phrase.npy: IDR: 98.54%     MR: 0.73%       FAR: 0.73%      IDA: 0.988 ms
2145-phrase.npy: IDR: 96.51%     MR: 3.49%       FAR: 0.00%      IDA: 1.676 ms
2149-phrase.npy: IDR: 99.19%     MR: 0.81%       FAR: 0.00%      IDA: 0.317 ms
1595-phrase.npy: IDR: 96.58%     MR: 0.00%       FAR: 3.42%      IDA: 0.714 ms
2289-phrase.npy: IDR: 100.00%    MR: 0.00%       FAR: 0.00%      IDA: 0.871 ms
2236-phrase.npy: IDR: 98.76%     MR: 0.00%       FAR: 1.24%      IDA: 0.373 ms
2013-phrase.npy: IDR: 100.00%    MR: 0.00%       FAR: 0.00%      IDA: 0.304 ms
2611-phrase.npy: IDR: 97.67%     MR: 0.00%       FAR: 2.33%      IDA: 0.567 ms
2470-phrase.npy: IDR: 99.37%     MR: 0.63%       FAR: 0.00%      IDA: 0.432 ms
2554-phrase.npy: IDR: 97.77%     MR: 1.12%       FAR: 1.12%      IDA: 0.845 ms
2609-phrase.npy: IDR: 98.23%     MR: 1.77%       FAR: 0.00%      IDA: 0.733 ms
2129-phrase.npy: IDR: 99.65%     MR: 0.35%       FAR: 0.00%      IDA: 0.271 ms

identification_rate:0.9854 miss_rate:0.007396 false_alarm_rate:0.007242 identification_accuracy:0.0006422

Bulbarparalyse
101-phrase.npy: IDR: 95.62%      MR: 1.88%       FAR: 2.50%      IDA: 1.493 ms
1227-phrase.npy: IDR: 94.93%     MR: 2.03%       FAR: 3.04%      IDA: 1.064 ms

identification_rate:0.9528 miss_rate:0.01951 false_alarm_rate:0.0277 identification_accuracy:0.001278

Carcinoma in situ
1472-phrase.npy: IDR: 92.74%     MR: 3.23%       FAR: 4.03%      IDA: 0.614 ms

identification_rate:0.9274 miss_rate:0.03226 false_alarm_rate:0.04032 identification_accuracy:0.0006138

Chondrom
1338-phrase.npy: IDR: 81.13%     MR: 11.32%      FAR: 7.55%      IDA: 2.019 ms

identification_rate:0.8113 miss_rate:0.1132 false_alarm_rate:0.07547 identification_accuracy:0.002019

Chordektomie
491-phrase.npy: IDR: 61.54%      MR: 25.27%      FAR: 13.19%     IDA: 2.297 ms
504-phrase.npy: IDR: 73.26%      MR: 10.47%      FAR: 16.28%     IDA: 1.574 ms
628-phrase.npy: IDR: 99.24%      MR: 0.76%       FAR: 0.00%      IDA: 0.496 ms
845-phrase.npy: IDR: 89.58%      MR: 8.33%       FAR: 2.08%      IDA: 1.030 ms
719-phrase.npy: IDR: 74.23%      MR: 8.25%       FAR: 17.53%     IDA: 2.019 ms
873-phrase.npy: IDR: 98.19%      MR: 1.81%       FAR: 0.00%      IDA: 1.222 ms
847-phrase.npy: IDR: 74.19%      MR: 11.29%      FAR: 14.52%     IDA: 2.205 ms
915-phrase.npy: IDR: 86.54%      MR: 11.54%      FAR: 1.92%      IDA: 2.166 ms
920-phrase.npy: IDR: 84.15%      MR: 4.92%       FAR: 10.93%     IDA: 1.797 ms
1089-phrase.npy: IDR: 73.68%     MR: 5.26%       FAR: 21.05%     IDA: 1.919 ms
1084-phrase.npy: IDR: 70.00%     MR: 17.50%      FAR: 12.50%     IDA: 1.429 ms
1321-phrase.npy: IDR: 96.73%     MR: 3.27%       FAR: 0.00%      IDA: 0.317 ms
1333-phrase.npy: IDR: 99.46%     MR: 0.54%       FAR: 0.00%      IDA: 0.458 ms
1217-phrase.npy: IDR: 84.78%     MR: 6.52%       FAR: 8.70%      IDA: 1.899 ms
1339-phrase.npy: IDR: 98.95%     MR: 0.52%       FAR: 0.52%      IDA: 0.513 ms
1385-phrase.npy: IDR: 99.25%     MR: 0.00%       FAR: 0.75%      IDA: 0.694 ms
1376-phrase.npy: IDR: 99.32%     MR: 0.00%       FAR: 0.68%      IDA: 0.465 ms
1393-phrase.npy: IDR: 97.84%     MR: 1.44%       FAR: 0.72%      IDA: 0.751 ms
1392-phrase.npy: IDR: 89.05%     MR: 4.76%       FAR: 6.19%      IDA: 1.401 ms
1401-phrase.npy: IDR: 96.74%     MR: 1.63%       FAR: 1.63%      IDA: 0.863 ms
1412-phrase.npy: IDR: 92.76%     MR: 6.58%       FAR: 0.66%      IDA: 0.679 ms
1410-phrase.npy: IDR: 93.75%     MR: 0.89%       FAR: 5.36%      IDA: 0.975 ms
1422-phrase.npy: IDR: 97.94%     MR: 1.03%       FAR: 1.03%      IDA: 0.835 ms
1486-phrase.npy: IDR: 96.55%     MR: 2.59%       FAR: 0.86%      IDA: 1.363 ms
1429-phrase.npy: IDR: 96.50%     MR: 2.80%       FAR: 0.70%      IDA: 0.722 ms
1450-phrase.npy: IDR: 78.05%     MR: 8.94%       FAR: 13.01%     IDA: 1.755 ms
1625-phrase.npy: IDR: 100.00%    MR: 0.00%       FAR: 0.00%      IDA: 0.250 ms
1487-phrase.npy: IDR: 95.38%     MR: 1.73%       FAR: 2.89%      IDA: 1.200 ms
1606-phrase.npy: IDR: 75.00%     MR: 18.75%      FAR: 6.25%      IDA: 2.414 ms
1651-phrase.npy: IDR: 94.27%     MR: 2.64%       FAR: 3.08%      IDA: 0.867 ms
1503-phrase.npy: IDR: 77.92%     MR: 5.84%       FAR: 16.23%     IDA: 1.766 ms
1693-phrase.npy: IDR: 95.48%     MR: 3.95%       FAR: 0.56%      IDA: 1.669 ms
1674-phrase.npy: IDR: 98.18%     MR: 0.45%       FAR: 1.36%      IDA: 1.084 ms
1720-phrase.npy: IDR: 87.26%     MR: 6.37%       FAR: 6.37%      IDA: 1.901 ms
1771-phrase.npy: IDR: 90.32%     MR: 3.23%       FAR: 6.45%      IDA: 1.848 ms
1942-phrase.npy: IDR: 50.00%     MR: 0.00%       FAR: 50.00%     IDA: 1.531 ms
1774-phrase.npy: IDR: 36.36%     MR: 50.00%      FAR: 13.64%     IDA: 1.997 ms
1991-phrase.npy: IDR: 73.33%     MR: 20.00%      FAR: 6.67%      IDA: 0.169 ms
1932-phrase.npy: IDR: 96.80%     MR: 1.37%       FAR: 1.83%      IDA: 1.089 ms
2136-phrase.npy: IDR: 80.22%     MR: 7.69%       FAR: 12.09%     IDA: 1.675 ms
2064-phrase.npy: IDR: 83.33%     MR: 7.69%       FAR: 8.97%      IDA: 2.246 ms
2029-phrase.npy: IDR: 75.76%     MR: 13.64%      FAR: 10.61%     IDA: 2.267 ms
2226-phrase.npy: IDR: 27.27%     MR: 45.45%      FAR: 27.27%     IDA: 2.384 ms
2183-phrase.npy: IDR: 77.78%     MR: 12.70%      FAR: 9.52%      IDA: 1.433 ms
2291-phrase.npy: IDR: 97.83%     MR: 0.00%       FAR: 2.17%      IDA: 0.434 ms
2189-phrase.npy: IDR: 83.78%     MR: 5.41%       FAR: 10.81%     IDA: 2.461 ms
2380-phrase.npy: IDR: 79.89%     MR: 5.59%       FAR: 14.53%     IDA: 1.805 ms
2458-phrase.npy: IDR: 98.31%     MR: 0.00%       FAR: 1.69%      IDA: 0.967 ms
2362-phrase.npy: IDR: 81.82%     MR: 7.58%       FAR: 10.61%     IDA: 2.351 ms
2400-phrase.npy: IDR: 85.05%     MR: 6.54%       FAR: 8.41%      IDA: 2.030 ms
2490-phrase.npy: IDR: 84.13%     MR: 0.79%       FAR: 15.08%     IDA: 0.704 ms
2484-phrase.npy: IDR: 98.55%     MR: 0.00%       FAR: 1.45%      IDA: 1.287 ms
2494-phrase.npy: IDR: 90.62%     MR: 3.12%       FAR: 6.25%      IDA: 1.314 ms
2453-phrase.npy: IDR: 79.49%     MR: 10.26%      FAR: 10.26%     IDA: 1.855 ms
2503-phrase.npy: IDR: 70.35%     MR: 17.44%      FAR: 12.21%     IDA: 2.865 ms
2575-phrase.npy: IDR: 88.51%     MR: 6.90%       FAR: 4.60%      IDA: 1.535 ms
2548-phrase.npy: IDR: 78.79%     MR: 3.03%       FAR: 18.18%     IDA: 1.911 ms

identification_rate:0.8481 miss_rate:0.07282 false_alarm_rate:0.0791 identification_accuracy:0.001424

Cyste
1340-phrase.npy: IDR: 86.49%     MR: 9.91%       FAR: 3.60%      IDA: 2.109 ms
1941-phrase.npy: IDR: 95.52%     MR: 2.99%       FAR: 1.49%      IDA: 1.091 ms
1931-phrase.npy: IDR: 96.99%     MR: 1.20%       FAR: 1.81%      IDA: 0.690 ms
2137-phrase.npy: IDR: 93.43%     MR: 5.11%       FAR: 1.46%      IDA: 1.349 ms
2144-phrase.npy: IDR: 96.46%     MR: 1.77%       FAR: 1.77%      IDA: 1.345 ms
2500-phrase.npy: IDR: 100.00%    MR: 0.00%       FAR: 0.00%      IDA: 0.394 ms

identification_rate:0.9481 miss_rate:0.03497 false_alarm_rate:0.01689 identification_accuracy:0.001163

Diplophonie
850-phrase.npy: IDR: 98.97%      MR: 0.69%       FAR: 0.34%      IDA: 0.511 ms
876-phrase.npy: IDR: 95.04%      MR: 1.65%       FAR: 3.31%      IDA: 1.610 ms
1791-phrase.npy: IDR: 100.00%    MR: 0.00%       FAR: 0.00%      IDA: 0.482 ms
1904-phrase.npy: IDR: 72.58%     MR: 11.29%      FAR: 16.13%     IDA: 1.323 ms
1802-phrase.npy: IDR: 98.11%     MR: 0.00%       FAR: 1.89%      IDA: 0.970 ms

identification_rate:0.9294 miss_rate:0.02726 false_alarm_rate:0.04333 identification_accuracy:0.0009793

Dish-Syndrom
714-phrase.npy: IDR: 100.00%     MR: 0.00%       FAR: 0.00%      IDA: 0.651 ms

identification_rate:  1.0 miss_rate:  0.0 false_alarm_rate:  0.0 identification_accuracy:0.0006512

Dysarthrophonie
1199-phrase.npy: IDR: 98.42%     MR: 0.53%       FAR: 1.05%      IDA: 0.476 ms
921-phrase.npy: IDR: 90.14%      MR: 7.98%       FAR: 1.88%      IDA: 1.097 ms
1242-phrase.npy: IDR: 100.00%    MR: 0.00%       FAR: 0.00%      IDA: 0.323 ms
1772-phrase.npy: IDR: 90.74%     MR: 3.70%       FAR: 5.56%      IDA: 2.033 ms
2001-phrase.npy: IDR: 99.01%     MR: 0.99%       FAR: 0.00%      IDA: 0.933 ms
2032-phrase.npy: IDR: 97.25%     MR: 1.96%       FAR: 0.78%      IDA: 0.362 ms
1943-phrase.npy: IDR: 99.48%     MR: 0.00%       FAR: 0.52%      IDA: 0.443 ms
1948-phrase.npy: IDR: 97.40%     MR: 0.74%       FAR: 1.86%      IDA: 0.827 ms
2057-phrase.npy: IDR: 98.58%     MR: 0.94%       FAR: 0.47%      IDA: 0.471 ms
2094-phrase.npy: IDR: 85.71%     MR: 8.07%       FAR: 6.21%      IDA: 1.790 ms
2223-phrase.npy: IDR: 88.79%     MR: 3.45%       FAR: 7.76%      IDA: 1.784 ms
2113-phrase.npy: IDR: 99.46%     MR: 0.54%       FAR: 0.00%      IDA: 0.455 ms
2130-phrase.npy: IDR: 91.98%     MR: 4.64%       FAR: 3.38%      IDA: 1.815 ms
2332-phrase.npy: IDR: 83.33%     MR: 6.67%       FAR: 10.00%     IDA: 1.880 ms
2390-phrase.npy: IDR: 97.63%     MR: 1.78%       FAR: 0.59%      IDA: 0.926 ms
2295-phrase.npy: IDR: 96.69%     MR: 1.65%       FAR: 1.65%      IDA: 0.247 ms
2355-phrase.npy: IDR: 87.74%     MR: 2.83%       FAR: 9.43%      IDA: 2.087 ms
2329-phrase.npy: IDR: 94.91%     MR: 3.70%       FAR: 1.39%      IDA: 0.374 ms
2334-phrase.npy: IDR: 98.15%     MR: 1.39%       FAR: 0.46%      IDA: 0.893 ms

identification_rate:0.945 miss_rate:0.02714 false_alarm_rate:0.02789 identification_accuracy:0.001011

Dysodie
367-phrase.npy: IDR: 89.47%      MR: 6.02%       FAR: 4.51%      IDA: 1.459 ms
127-phrase.npy: IDR: 92.98%      MR: 4.13%       FAR: 2.89%      IDA: 1.390 ms
673-phrase.npy: IDR: 93.53%      MR: 1.76%       FAR: 4.71%      IDA: 1.198 ms
692-phrase.npy: IDR: 95.83%      MR: 1.79%       FAR: 2.38%      IDA: 0.884 ms
830-phrase.npy: IDR: 99.05%      MR: 0.95%       FAR: 0.00%      IDA: 1.153 ms
851-phrase.npy: IDR: 88.37%      MR: 2.33%       FAR: 9.30%      IDA: 2.114 ms
907-phrase.npy: IDR: 93.96%      MR: 2.75%       FAR: 3.30%      IDA: 1.371 ms
567-phrase.npy: IDR: 95.21%      MR: 1.06%       FAR: 3.72%      IDA: 1.220 ms
1203-phrase.npy: IDR: 92.98%     MR: 0.88%       FAR: 6.14%      IDA: 1.321 ms
1309-phrase.npy: IDR: 94.27%     MR: 2.60%       FAR: 3.12%      IDA: 1.460 ms
1241-phrase.npy: IDR: 92.50%     MR: 3.33%       FAR: 4.17%      IDA: 1.282 ms
1443-phrase.npy: IDR: 96.06%     MR: 0.49%       FAR: 3.45%      IDA: 1.314 ms
1454-phrase.npy: IDR: 91.93%     MR: 1.86%       FAR: 6.21%      IDA: 1.881 ms
1193-phrase.npy: IDR: 92.77%     MR: 1.70%       FAR: 5.53%      IDA: 1.619 ms
1488-phrase.npy: IDR: 98.46%     MR: 0.77%       FAR: 0.77%      IDA: 0.222 ms
1501-phrase.npy: IDR: 92.81%     MR: 3.60%       FAR: 3.60%      IDA: 1.905 ms
1550-phrase.npy: IDR: 97.99%     MR: 2.01%       FAR: 0.00%      IDA: 0.294 ms
1581-phrase.npy: IDR: 93.36%     MR: 2.84%       FAR: 3.79%      IDA: 2.329 ms
1659-phrase.npy: IDR: 89.05%     MR: 2.92%       FAR: 8.03%      IDA: 1.218 ms
1759-phrase.npy: IDR: 90.08%     MR: 4.13%       FAR: 5.79%      IDA: 1.370 ms
1681-phrase.npy: IDR: 94.54%     MR: 2.19%       FAR: 3.28%      IDA: 0.775 ms
1596-phrase.npy: IDR: 86.70%     MR: 2.13%       FAR: 11.17%     IDA: 1.702 ms
1761-phrase.npy: IDR: 95.83%     MR: 1.04%       FAR: 3.12%      IDA: 2.223 ms
1687-phrase.npy: IDR: 99.46%     MR: 0.54%       FAR: 0.00%      IDA: 0.667 ms
1799-phrase.npy: IDR: 97.51%     MR: 0.00%       FAR: 2.49%      IDA: 1.026 ms
1793-phrase.npy: IDR: 100.00%    MR: 0.00%       FAR: 0.00%      IDA: 0.165 ms
2061-phrase.npy: IDR: 98.25%     MR: 1.75%       FAR: 0.00%      IDA: 0.703 ms
1981-phrase.npy: IDR: 94.12%     MR: 0.98%       FAR: 4.90%      IDA: 1.132 ms
2068-phrase.npy: IDR: 95.07%     MR: 4.23%       FAR: 0.70%      IDA: 0.571 ms
1813-phrase.npy: IDR: 92.15%     MR: 2.62%       FAR: 5.24%      IDA: 1.596 ms
2102-phrase.npy: IDR: 89.71%     MR: 4.41%       FAR: 5.88%      IDA: 1.759 ms
2074-phrase.npy: IDR: 91.04%     MR: 2.99%       FAR: 5.97%      IDA: 1.708 ms
2103-phrase.npy: IDR: 99.34%     MR: 0.66%       FAR: 0.00%      IDA: 0.523 ms
2114-phrase.npy: IDR: 92.22%     MR: 3.59%       FAR: 4.19%      IDA: 2.240 ms
2143-phrase.npy: IDR: 92.91%     MR: 4.26%       FAR: 2.84%      IDA: 2.035 ms
2124-phrase.npy: IDR: 96.26%     MR: 0.47%       FAR: 3.27%      IDA: 1.157 ms
2290-phrase.npy: IDR: 95.68%     MR: 2.88%       FAR: 1.44%      IDA: 1.189 ms
2222-phrase.npy: IDR: 95.35%     MR: 1.74%       FAR: 2.91%      IDA: 1.661 ms
2313-phrase.npy: IDR: 99.05%     MR: 0.95%       FAR: 0.00%      IDA: 0.501 ms
2308-phrase.npy: IDR: 96.00%     MR: 2.67%       FAR: 1.33%      IDA: 1.693 ms
2187-phrase.npy: IDR: 94.19%     MR: 4.07%       FAR: 1.74%      IDA: 1.346 ms
2309-phrase.npy: IDR: 91.91%     MR: 1.73%       FAR: 6.36%      IDA: 1.819 ms
2327-phrase.npy: IDR: 98.37%     MR: 1.63%       FAR: 0.00%      IDA: 0.915 ms
2322-phrase.npy: IDR: 91.07%     MR: 3.12%       FAR: 5.80%      IDA: 1.716 ms
2364-phrase.npy: IDR: 91.34%     MR: 2.36%       FAR: 6.30%      IDA: 1.858 ms
2354-phrase.npy: IDR: 90.08%     MR: 4.96%       FAR: 4.96%      IDA: 1.747 ms
2371-phrase.npy: IDR: 93.36%     MR: 1.90%       FAR: 4.74%      IDA: 1.753 ms
2398-phrase.npy: IDR: 94.67%     MR: 1.78%       FAR: 3.55%      IDA: 1.240 ms
2475-phrase.npy: IDR: 93.02%     MR: 3.49%       FAR: 3.49%      IDA: 1.024 ms
2474-phrase.npy: IDR: 97.42%     MR: 2.06%       FAR: 0.52%      IDA: 0.473 ms
2486-phrase.npy: IDR: 89.74%     MR: 0.85%       FAR: 9.40%      IDA: 1.746 ms
2552-phrase.npy: IDR: 96.38%     MR: 3.62%       FAR: 0.00%      IDA: 0.537 ms
2558-phrase.npy: IDR: 99.38%     MR: 0.00%       FAR: 0.62%      IDA: 0.594 ms
2524-phrase.npy: IDR: 95.15%     MR: 3.88%       FAR: 0.97%      IDA: 0.363 ms
2335-phrase.npy: IDR: 89.06%     MR: 3.12%       FAR: 7.81%      IDA: 1.676 ms
2184-phrase.npy: IDR: 87.18%     MR: 4.27%       FAR: 8.55%      IDA: 2.024 ms

identification_rate: 0.94 miss_rate:0.02337 false_alarm_rate:0.0366 identification_accuracy:0.001301

Dysphonie
368-phrase.npy: IDR: 98.88%      MR: 0.00%       FAR: 1.12%      IDA: 0.209 ms
445-phrase.npy: IDR: 92.92%      MR: 1.77%       FAR: 5.31%      IDA: 1.668 ms
446-phrase.npy: IDR: 100.00%     MR: 0.00%       FAR: 0.00%      IDA: 0.322 ms
449-phrase.npy: IDR: 98.55%      MR: 0.00%       FAR: 1.45%      IDA: 0.220 ms
451-phrase.npy: IDR: 86.78%      MR: 5.17%       FAR: 8.05%      IDA: 1.449 ms
494-phrase.npy: IDR: 96.21%      MR: 1.42%       FAR: 2.37%      IDA: 1.200 ms
495-phrase.npy: IDR: 98.11%      MR: 1.89%       FAR: 0.00%      IDA: 0.526 ms
674-phrase.npy: IDR: 82.88%      MR: 9.01%       FAR: 8.11%      IDA: 2.125 ms
561-phrase.npy: IDR: 74.77%      MR: 18.69%      FAR: 6.54%      IDA: 2.391 ms
742-phrase.npy: IDR: 99.30%      MR: 0.00%       FAR: 0.70%      IDA: 0.368 ms
872-phrase.npy: IDR: 96.90%      MR: 1.55%       FAR: 1.55%      IDA: 1.623 ms
916-phrase.npy: IDR: 100.00%     MR: 0.00%       FAR: 0.00%      IDA: 0.729 ms
1194-phrase.npy: IDR: 96.00%     MR: 2.67%       FAR: 1.33%      IDA: 1.346 ms
925-phrase.npy: IDR: 100.00%     MR: 0.00%       FAR: 0.00%      IDA: 1.360 ms
1187-phrase.npy: IDR: 93.94%     MR: 3.03%       FAR: 3.03%      IDA: 2.103 ms
1086-phrase.npy: IDR: 91.84%     MR: 7.48%       FAR: 0.68%      IDA: 0.847 ms
1057-phrase.npy: IDR: 85.91%     MR: 9.40%       FAR: 4.70%      IDA: 2.001 ms
1219-phrase.npy: IDR: 91.20%     MR: 4.00%       FAR: 4.80%      IDA: 2.061 ms
1247-phrase.npy: IDR: 60.47%     MR: 20.93%      FAR: 18.60%     IDA: 1.911 ms
1250-phrase.npy: IDR: 88.65%     MR: 7.09%       FAR: 4.26%      IDA: 1.914 ms
1248-phrase.npy: IDR: 99.00%     MR: 0.00%       FAR: 1.00%      IDA: 0.177 ms
1312-phrase.npy: IDR: 76.67%     MR: 15.00%      FAR: 8.33%      IDA: 2.263 ms
1276-phrase.npy: IDR: 88.81%     MR: 3.73%       FAR: 7.46%      IDA: 1.484 ms
1387-phrase.npy: IDR: 99.58%     MR: 0.00%       FAR: 0.42%      IDA: 0.216 ms
1455-phrase.npy: IDR: 99.07%     MR: 0.93%       FAR: 0.00%      IDA: 0.929 ms
1453-phrase.npy: IDR: 95.37%     MR: 1.85%       FAR: 2.78%      IDA: 1.239 ms
1597-phrase.npy: IDR: 100.00%    MR: 0.00%       FAR: 0.00%      IDA: 0.855 ms
1485-phrase.npy: IDR: 85.11%     MR: 4.96%       FAR: 9.93%      IDA: 1.956 ms
1457-phrase.npy: IDR: 99.51%     MR: 0.49%       FAR: 0.00%      IDA: 0.594 ms
1502-phrase.npy: IDR: 94.04%     MR: 1.83%       FAR: 4.13%      IDA: 1.044 ms
1628-phrase.npy: IDR: 99.39%     MR: 0.61%       FAR: 0.00%      IDA: 0.392 ms
1580-phrase.npy: IDR: 100.00%    MR: 0.00%       FAR: 0.00%      IDA: 0.192 ms
1633-phrase.npy: IDR: 91.14%     MR: 1.90%       FAR: 6.96%      IDA: 1.153 ms
1636-phrase.npy: IDR: 94.74%     MR: 1.44%       FAR: 3.83%      IDA: 1.508 ms
1768-phrase.npy: IDR: 91.11%     MR: 3.33%       FAR: 5.56%      IDA: 0.579 ms
1718-phrase.npy: IDR: 82.69%     MR: 7.69%       FAR: 9.62%      IDA: 1.867 ms
1657-phrase.npy: IDR: 88.79%     MR: 0.86%       FAR: 10.34%     IDA: 1.684 ms
1751-phrase.npy: IDR: 100.00%    MR: 0.00%       FAR: 0.00%      IDA: 0.769 ms
1833-phrase.npy: IDR: 94.37%     MR: 0.94%       FAR: 4.69%      IDA: 1.106 ms
1894-phrase.npy: IDR: 92.74%     MR: 4.03%       FAR: 3.23%      IDA: 0.911 ms
1984-phrase.npy: IDR: 92.03%     MR: 5.07%       FAR: 2.90%      IDA: 0.842 ms
2000-phrase.npy: IDR: 100.00%    MR: 0.00%       FAR: 0.00%      IDA: 0.412 ms
2028-phrase.npy: IDR: 96.79%     MR: 1.07%       FAR: 2.14%      IDA: 0.815 ms
2087-phrase.npy: IDR: 91.33%     MR: 4.00%       FAR: 4.67%      IDA: 1.478 ms
2019-phrase.npy: IDR: 80.00%     MR: 0.00%       FAR: 20.00%     IDA: 1.273 ms
2066-phrase.npy: IDR: 100.00%    MR: 0.00%       FAR: 0.00%      IDA: 1.257 ms
2096-phrase.npy: IDR: 97.44%     MR: 0.85%       FAR: 1.71%      IDA: 0.253 ms
2091-phrase.npy: IDR: 96.45%     MR: 1.02%       FAR: 2.54%      IDA: 1.173 ms
2016-phrase.npy: IDR: 96.55%     MR: 0.00%       FAR: 3.45%      IDA: 0.901 ms
2117-phrase.npy: IDR: 96.53%     MR: 1.39%       FAR: 2.08%      IDA: 0.861 ms
2118-phrase.npy: IDR: 98.67%     MR: 0.67%       FAR: 0.67%      IDA: 0.377 ms
2125-phrase.npy: IDR: 100.00%    MR: 0.00%       FAR: 0.00%      IDA: 1.427 ms
2097-phrase.npy: IDR: 96.10%     MR: 0.98%       FAR: 2.93%      IDA: 0.935 ms
2119-phrase.npy: IDR: 97.09%     MR: 0.00%       FAR: 2.91%      IDA: 1.451 ms
2106-phrase.npy: IDR: 95.62%     MR: 0.40%       FAR: 3.98%      IDA: 1.669 ms
2126-phrase.npy: IDR: 100.00%    MR: 0.00%       FAR: 0.00%      IDA: 0.421 ms
2127-phrase.npy: IDR: 88.78%     MR: 2.04%       FAR: 9.18%      IDA: 2.206 ms
2147-phrase.npy: IDR: 92.36%     MR: 2.55%       FAR: 5.10%      IDA: 1.656 ms
2120-phrase.npy: IDR: 95.92%     MR: 0.00%       FAR: 4.08%      IDA: 1.397 ms
2154-phrase.npy: IDR: 100.00%    MR: 0.00%       FAR: 0.00%      IDA: 0.149 ms
2226-phrase.npy: IDR: 27.27%     MR: 45.45%      FAR: 27.27%     IDA: 2.384 ms
2238-phrase.npy: IDR: 81.51%     MR: 2.74%       FAR: 15.75%     IDA: 2.257 ms
2152-phrase.npy: IDR: 96.64%     MR: 2.52%       FAR: 0.84%      IDA: 0.387 ms
2219-phrase.npy: IDR: 98.90%     MR: 1.10%       FAR: 0.00%      IDA: 0.930 ms
2217-phrase.npy: IDR: 84.96%     MR: 5.26%       FAR: 9.77%      IDA: 1.992 ms
2309-phrase.npy: IDR: 91.91%     MR: 1.73%       FAR: 6.36%      IDA: 1.819 ms
2311-phrase.npy: IDR: 89.43%     MR: 4.07%       FAR: 6.50%      IDA: 1.777 ms
2266-phrase.npy: IDR: 97.21%     MR: 0.47%       FAR: 2.33%      IDA: 1.143 ms
2325-phrase.npy: IDR: 97.95%     MR: 2.05%       FAR: 0.00%      IDA: 1.390 ms
2350-phrase.npy: IDR: 94.72%     MR: 1.89%       FAR: 3.40%      IDA: 1.451 ms
2323-phrase.npy: IDR: 98.12%     MR: 1.88%       FAR: 0.00%      IDA: 0.574 ms
2356-phrase.npy: IDR: 98.45%     MR: 1.03%       FAR: 0.52%      IDA: 0.554 ms
2333-phrase.npy: IDR: 97.33%     MR: 1.33%       FAR: 1.33%      IDA: 1.067 ms
2326-phrase.npy: IDR: 99.02%     MR: 0.98%       FAR: 0.00%      IDA: 0.473 ms
2347-phrase.npy: IDR: 95.48%     MR: 2.58%       FAR: 1.94%      IDA: 0.908 ms
2348-phrase.npy: IDR: 92.96%     MR: 6.34%       FAR: 0.70%      IDA: 1.088 ms
2369-phrase.npy: IDR: 97.26%     MR: 2.74%       FAR: 0.00%      IDA: 1.324 ms
2388-phrase.npy: IDR: 90.00%     MR: 3.00%       FAR: 7.00%      IDA: 1.405 ms
2387-phrase.npy: IDR: 96.91%     MR: 1.03%       FAR: 2.06%      IDA: 1.363 ms
2366-phrase.npy: IDR: 96.74%     MR: 0.93%       FAR: 2.33%      IDA: 1.186 ms
2391-phrase.npy: IDR: 84.18%     MR: 7.59%       FAR: 8.23%      IDA: 2.318 ms
2384-phrase.npy: IDR: 95.83%     MR: 2.60%       FAR: 1.56%      IDA: 0.835 ms
2389-phrase.npy: IDR: 92.86%     MR: 3.33%       FAR: 3.81%      IDA: 1.378 ms
2392-phrase.npy: IDR: 99.07%     MR: 0.00%       FAR: 0.93%      IDA: 0.642 ms
2405-phrase.npy: IDR: 96.71%     MR: 1.64%       FAR: 1.64%      IDA: 1.198 ms
2461-phrase.npy: IDR: 97.45%     MR: 1.02%       FAR: 1.53%      IDA: 0.582 ms
2456-phrase.npy: IDR: 89.36%     MR: 3.19%       FAR: 7.45%      IDA: 1.754 ms
2436-phrase.npy: IDR: 99.44%     MR: 0.56%       FAR: 0.00%      IDA: 0.271 ms
2422-phrase.npy: IDR: 82.22%     MR: 6.67%       FAR: 11.11%     IDA: 2.107 ms
2428-phrase.npy: IDR: 91.18%     MR: 1.47%       FAR: 7.35%      IDA: 1.752 ms
2401-phrase.npy: IDR: 99.41%     MR: 0.59%       FAR: 0.00%      IDA: 1.055 ms
2488-phrase.npy: IDR: 99.16%     MR: 0.84%       FAR: 0.00%      IDA: 0.544 ms
2575-phrase.npy: IDR: 88.51%     MR: 6.90%       FAR: 4.60%      IDA: 1.535 ms
2544-phrase.npy: IDR: 88.89%     MR: 4.09%       FAR: 7.02%      IDA: 2.347 ms
2559-phrase.npy: IDR: 99.23%     MR: 0.77%       FAR: 0.00%      IDA: 0.856 ms
2530-phrase.npy: IDR: 79.63%     MR: 9.26%       FAR: 11.11%     IDA: 2.270 ms
2607-phrase.npy: IDR: 99.21%     MR: 0.79%       FAR: 0.00%      IDA: 1.363 ms
2537-phrase.npy: IDR: 99.59%     MR: 0.00%       FAR: 0.41%      IDA: 1.144 ms
2596-phrase.npy: IDR: 96.49%     MR: 1.40%       FAR: 2.11%      IDA: 0.432 ms
2608-phrase.npy: IDR: 99.22%     MR: 0.78%       FAR: 0.00%      IDA: 0.495 ms
2583-phrase.npy: IDR: 91.52%     MR: 4.91%       FAR: 3.57%      IDA: 1.428 ms

identification_rate:0.9316 miss_rate:0.03082 false_alarm_rate:0.0376 identification_accuracy:0.001188

Dysplastische Dysphonie
1649-phrase.npy: IDR: 100.00%    MR: 0.00%       FAR: 0.00%      IDA: 0.598 ms

identification_rate:  1.0 miss_rate:  0.0 false_alarm_rate:  0.0 identification_accuracy:0.0005984

Dysplastischer Kehlkopf
820-phrase.npy: IDR: 95.68%      MR: 2.47%       FAR: 1.85%      IDA: 1.800 ms

identification_rate:0.9568 miss_rate:0.02469 false_alarm_rate:0.01852 identification_accuracy:0.0018

Epiglottiskarzinom
1047-phrase.npy: IDR: 89.35%     MR: 5.09%       FAR: 5.56%      IDA: 1.803 ms

identification_rate:0.8935 miss_rate:0.05093 false_alarm_rate:0.05556 identification_accuracy:0.001803

Fibrom
106-phrase.npy: IDR: 98.21%      MR: 0.00%       FAR: 1.79%      IDA: 0.614 ms
1781-phrase.npy: IDR: 92.81%     MR: 2.40%       FAR: 4.79%      IDA: 2.003 ms

identification_rate:0.9551 miss_rate:0.01198 false_alarm_rate:0.03291 identification_accuracy:0.001308

Frontolaterale Teilresektion
1162-phrase.npy: IDR: 59.42%     MR: 1.45%       FAR: 39.13%     IDA: 1.137 ms
1165-phrase.npy: IDR: 90.91%     MR: 1.82%       FAR: 7.27%      IDA: 1.293 ms
1234-phrase.npy: IDR: 95.92%     MR: 4.08%       FAR: 0.00%      IDA: 1.118 ms
891-phrase.npy: IDR: 81.08%      MR: 10.81%      FAR: 8.11%      IDA: 0.897 ms
1191-phrase.npy: IDR: 91.53%     MR: 5.08%       FAR: 3.39%      IDA: 1.180 ms
936-phrase.npy: IDR: 73.33%      MR: 11.11%      FAR: 15.56%     IDA: 2.160 ms
1232-phrase.npy: IDR: 81.11%     MR: 14.44%      FAR: 4.44%      IDA: 1.482 ms
1238-phrase.npy: IDR: 81.19%     MR: 10.89%      FAR: 7.92%      IDA: 1.115 ms
815-phrase.npy: IDR: 83.33%      MR: 4.76%       FAR: 11.90%     IDA: 2.646 ms
1267-phrase.npy: IDR: 82.28%     MR: 16.46%      FAR: 1.27%      IDA: 1.389 ms
1243-phrase.npy: IDR: 71.43%     MR: 14.29%      FAR: 14.29%     IDA: 2.067 ms
1313-phrase.npy: IDR: 98.63%     MR: 0.00%       FAR: 1.37%      IDA: 0.491 ms
1279-phrase.npy: IDR: 99.24%     MR: 0.00%       FAR: 0.76%      IDA: 0.589 ms
1558-phrase.npy: IDR: 97.56%     MR: 1.22%       FAR: 1.22%      IDA: 0.978 ms
1446-phrase.npy: IDR: 86.49%     MR: 5.41%       FAR: 8.11%      IDA: 1.993 ms
1409-phrase.npy: IDR: 73.91%     MR: 14.49%      FAR: 11.59%     IDA: 1.270 ms
1487-phrase.npy: IDR: 95.38%     MR: 1.73%       FAR: 2.89%      IDA: 1.200 ms
1490-phrase.npy: IDR: 93.33%     MR: 2.22%       FAR: 4.44%      IDA: 1.865 ms
1692-phrase.npy: IDR: 66.67%     MR: 33.33%      FAR: 0.00%      IDA: 0.801 ms
1635-phrase.npy: IDR: 73.68%     MR: 9.02%       FAR: 17.29%     IDA: 2.067 ms
1634-phrase.npy: IDR: 90.80%     MR: 3.45%       FAR: 5.75%      IDA: 1.998 ms
1720-phrase.npy: IDR: 87.26%     MR: 6.37%       FAR: 6.37%      IDA: 1.901 ms
1749-phrase.npy: IDR: 91.82%     MR: 6.36%       FAR: 1.82%      IDA: 1.726 ms
1716-phrase.npy: IDR: 77.33%     MR: 14.00%      FAR: 8.67%      IDA: 2.215 ms
1561-phrase.npy: IDR: 67.14%     MR: 18.57%      FAR: 14.29%     IDA: 1.756 ms
1756-phrase.npy: IDR: 92.37%     MR: 2.54%       FAR: 5.08%      IDA: 1.713 ms
2131-phrase.npy: IDR: 100.00%    MR: 0.00%       FAR: 0.00%      IDA: 0.736 ms
2011-phrase.npy: IDR: 91.76%     MR: 2.94%       FAR: 5.29%      IDA: 0.941 ms
2386-phrase.npy: IDR: 89.19%     MR: 0.90%       FAR: 9.91%      IDA: 0.849 ms
2383-phrase.npy: IDR: 84.80%     MR: 4.00%       FAR: 11.20%     IDA: 2.062 ms
1949-phrase.npy: IDR: 81.02%     MR: 8.03%       FAR: 10.95%     IDA: 1.814 ms
2437-phrase.npy: IDR: 93.64%     MR: 0.91%       FAR: 5.45%      IDA: 1.760 ms
1913-phrase.npy: IDR: 50.00%     MR: 50.00%      FAR: 0.00%      IDA: 1.437 ms
1808-phrase.npy: IDR: 95.35%     MR: 0.58%       FAR: 4.07%      IDA: 0.871 ms
2456-phrase.npy: IDR: 89.36%     MR: 3.19%       FAR: 7.45%      IDA: 1.754 ms

identification_rate:0.8452 miss_rate:0.08128 false_alarm_rate:0.0735 identification_accuracy:0.001465

Funktionelle Dysphonie
350-phrase.npy: IDR: 91.73%      MR: 3.01%       FAR: 5.26%      IDA: 1.544 ms
631-phrase.npy: IDR: 98.18%      MR: 0.00%       FAR: 1.82%      IDA: 0.627 ms
718-phrase.npy: IDR: 80.85%      MR: 3.55%       FAR: 15.60%     IDA: 1.965 ms
351-phrase.npy: IDR: 97.25%      MR: 1.10%       FAR: 1.65%      IDA: 1.488 ms
634-phrase.npy: IDR: 99.35%      MR: 0.65%       FAR: 0.00%      IDA: 0.406 ms
722-phrase.npy: IDR: 97.65%      MR: 0.94%       FAR: 1.41%      IDA: 0.176 ms
723-phrase.npy: IDR: 89.76%      MR: 6.63%       FAR: 3.61%      IDA: 1.409 ms
727-phrase.npy: IDR: 98.32%      MR: 0.00%       FAR: 1.68%      IDA: 0.887 ms
729-phrase.npy: IDR: 93.59%      MR: 5.13%       FAR: 1.28%      IDA: 2.351 ms
1200-phrase.npy: IDR: 95.50%     MR: 0.00%       FAR: 4.50%      IDA: 0.655 ms
851-phrase.npy: IDR: 88.37%      MR: 2.33%       FAR: 9.30%      IDA: 2.114 ms
730-phrase.npy: IDR: 99.52%      MR: 0.00%       FAR: 0.48%      IDA: 0.346 ms
878-phrase.npy: IDR: 92.37%      MR: 0.00%       FAR: 7.63%      IDA: 0.910 ms
1230-phrase.npy: IDR: 99.19%     MR: 0.00%       FAR: 0.81%      IDA: 0.336 ms
1240-phrase.npy: IDR: 94.12%     MR: 0.84%       FAR: 5.04%      IDA: 1.750 ms
1193-phrase.npy: IDR: 92.77%     MR: 1.70%       FAR: 5.53%      IDA: 1.619 ms
913-phrase.npy: IDR: 90.28%      MR: 2.08%       FAR: 7.64%      IDA: 1.341 ms
1258-phrase.npy: IDR: 98.81%     MR: 1.19%       FAR: 0.00%      IDA: 0.434 ms
870-phrase.npy: IDR: 86.17%      MR: 5.32%       FAR: 8.51%      IDA: 2.366 ms
1241-phrase.npy: IDR: 92.50%     MR: 3.33%       FAR: 4.17%      IDA: 1.282 ms
1281-phrase.npy: IDR: 86.24%     MR: 5.29%       FAR: 8.47%      IDA: 2.247 ms
1309-phrase.npy: IDR: 94.27%     MR: 2.60%       FAR: 3.12%      IDA: 1.460 ms
1318-phrase.npy: IDR: 95.70%     MR: 4.30%       FAR: 0.00%      IDA: 0.886 ms
1244-phrase.npy: IDR: 90.07%     MR: 4.96%       FAR: 4.96%      IDA: 2.220 ms
1322-phrase.npy: IDR: 74.47%     MR: 17.02%      FAR: 8.51%      IDA: 2.457 ms
1328-phrase.npy: IDR: 96.63%     MR: 3.37%       FAR: 0.00%      IDA: 1.030 ms
1254-phrase.npy: IDR: 77.14%     MR: 10.71%      FAR: 12.14%     IDA: 2.498 ms
1400-phrase.npy: IDR: 91.94%     MR: 4.03%       FAR: 4.03%      IDA: 2.027 ms
1326-phrase.npy: IDR: 95.81%     MR: 0.60%       FAR: 3.59%      IDA: 1.606 ms
1415-phrase.npy: IDR: 87.62%     MR: 3.81%       FAR: 8.57%      IDA: 2.028 ms
1432-phrase.npy: IDR: 95.07%     MR: 2.11%       FAR: 2.82%      IDA: 1.181 ms
1552-phrase.npy: IDR: 94.83%     MR: 1.72%       FAR: 3.45%      IDA: 0.593 ms
1441-phrase.npy: IDR: 94.87%     MR: 3.21%       FAR: 1.92%      IDA: 1.772 ms
1627-phrase.npy: IDR: 81.63%     MR: 6.80%       FAR: 11.56%     IDA: 2.194 ms
1609-phrase.npy: IDR: 83.82%     MR: 5.78%       FAR: 10.40%     IDA: 1.965 ms
1589-phrase.npy: IDR: 96.98%     MR: 1.51%       FAR: 1.51%      IDA: 1.406 ms
1611-phrase.npy: IDR: 93.17%     MR: 0.62%       FAR: 6.21%      IDA: 1.133 ms
1435-phrase.npy: IDR: 87.88%     MR: 2.02%       FAR: 10.10%     IDA: 1.534 ms
1645-phrase.npy: IDR: 97.28%     MR: 0.54%       FAR: 2.17%      IDA: 1.019 ms
1642-phrase.npy: IDR: 100.00%    MR: 0.00%       FAR: 0.00%      IDA: 0.225 ms
1659-phrase.npy: IDR: 89.05%     MR: 2.92%       FAR: 8.03%      IDA: 1.218 ms
1681-phrase.npy: IDR: 94.54%     MR: 2.19%       FAR: 3.28%      IDA: 0.775 ms
1688-phrase.npy: IDR: 80.85%     MR: 7.45%       FAR: 11.70%     IDA: 1.961 ms
1685-phrase.npy: IDR: 95.30%     MR: 2.68%       FAR: 2.01%      IDA: 1.430 ms
1680-phrase.npy: IDR: 84.35%     MR: 7.83%       FAR: 7.83%      IDA: 2.040 ms
1798-phrase.npy: IDR: 97.65%     MR: 1.76%       FAR: 0.59%      IDA: 0.380 ms
1640-phrase.npy: IDR: 96.48%     MR: 1.51%       FAR: 2.01%      IDA: 1.296 ms
1801-phrase.npy: IDR: 74.56%     MR: 10.53%      FAR: 14.91%     IDA: 1.644 ms
1694-phrase.npy: IDR: 91.14%     MR: 1.90%       FAR: 6.96%      IDA: 1.945 ms
1824-phrase.npy: IDR: 93.90%     MR: 3.66%       FAR: 2.44%      IDA: 1.315 ms
1899-phrase.npy: IDR: 92.13%     MR: 0.00%       FAR: 7.87%      IDA: 0.877 ms
1935-phrase.npy: IDR: 93.41%     MR: 2.40%       FAR: 4.19%      IDA: 1.606 ms
1827-phrase.npy: IDR: 100.00%    MR: 0.00%       FAR: 0.00%      IDA: 0.411 ms
1862-phrase.npy: IDR: 86.14%     MR: 2.41%       FAR: 11.45%     IDA: 1.617 ms
1742-phrase.npy: IDR: 93.20%     MR: 2.04%       FAR: 4.76%      IDA: 2.238 ms
1958-phrase.npy: IDR: 95.16%     MR: 1.08%       FAR: 3.76%      IDA: 1.512 ms
1936-phrase.npy: IDR: 90.14%     MR: 3.52%       FAR: 6.34%      IDA: 2.115 ms
1966-phrase.npy: IDR: 92.11%     MR: 2.63%       FAR: 5.26%      IDA: 1.748 ms
2231-phrase.npy: IDR: 98.14%     MR: 0.62%       FAR: 1.24%      IDA: 0.752 ms
1977-phrase.npy: IDR: 88.57%     MR: 4.76%       FAR: 6.67%      IDA: 2.089 ms
2123-phrase.npy: IDR: 92.00%     MR: 3.20%       FAR: 4.80%      IDA: 1.602 ms
2267-phrase.npy: IDR: 91.47%     MR: 3.32%       FAR: 5.21%      IDA: 2.009 ms
2112-phrase.npy: IDR: 86.84%     MR: 5.26%       FAR: 7.89%      IDA: 2.018 ms
2290-phrase.npy: IDR: 95.68%     MR: 2.88%       FAR: 1.44%      IDA: 1.189 ms
2006-phrase.npy: IDR: 99.34%     MR: 0.66%       FAR: 0.00%      IDA: 0.350 ms
2265-phrase.npy: IDR: 95.59%     MR: 3.43%       FAR: 0.98%      IDA: 0.555 ms
2308-phrase.npy: IDR: 96.00%     MR: 2.67%       FAR: 1.33%      IDA: 1.693 ms
2310-phrase.npy: IDR: 96.95%     MR: 2.03%       FAR: 1.02%      IDA: 1.021 ms
2303-phrase.npy: IDR: 95.89%     MR: 1.83%       FAR: 2.28%      IDA: 1.646 ms
2302-phrase.npy: IDR: 80.77%     MR: 8.97%       FAR: 10.26%     IDA: 1.790 ms
2313-phrase.npy: IDR: 99.05%     MR: 0.95%       FAR: 0.00%      IDA: 0.501 ms
2312-phrase.npy: IDR: 90.85%     MR: 2.82%       FAR: 6.34%      IDA: 1.709 ms
2336-phrase.npy: IDR: 98.92%     MR: 0.54%       FAR: 0.54%      IDA: 0.243 ms
2327-phrase.npy: IDR: 98.37%     MR: 1.63%       FAR: 0.00%      IDA: 0.915 ms
2318-phrase.npy: IDR: 99.19%     MR: 0.81%       FAR: 0.00%      IDA: 0.258 ms
2357-phrase.npy: IDR: 84.67%     MR: 8.76%       FAR: 6.57%      IDA: 1.101 ms
2297-phrase.npy: IDR: 94.97%     MR: 1.89%       FAR: 3.14%      IDA: 1.816 ms
2314-phrase.npy: IDR: 96.32%     MR: 2.45%       FAR: 1.23%      IDA: 1.111 ms
2359-phrase.npy: IDR: 88.89%     MR: 4.76%       FAR: 6.35%      IDA: 2.210 ms
2340-phrase.npy: IDR: 100.00%    MR: 0.00%       FAR: 0.00%      IDA: 0.313 ms
2360-phrase.npy: IDR: 87.50%     MR: 1.67%       FAR: 10.83%     IDA: 1.190 ms
2382-phrase.npy: IDR: 90.08%     MR: 6.61%       FAR: 3.31%      IDA: 1.405 ms
2419-phrase.npy: IDR: 99.38%     MR: 0.62%       FAR: 0.00%      IDA: 0.689 ms
2365-phrase.npy: IDR: 92.35%     MR: 2.19%       FAR: 5.46%      IDA: 0.560 ms
2413-phrase.npy: IDR: 98.00%     MR: 1.00%       FAR: 1.00%      IDA: 0.634 ms
2416-phrase.npy: IDR: 93.57%     MR: 2.92%       FAR: 3.51%      IDA: 1.547 ms
2417-phrase.npy: IDR: 98.96%     MR: 0.52%       FAR: 0.52%      IDA: 0.465 ms
2410-phrase.npy: IDR: 100.00%    MR: 0.00%       FAR: 0.00%      IDA: 0.334 ms
2367-phrase.npy: IDR: 97.02%     MR: 0.00%       FAR: 2.98%      IDA: 0.783 ms
2442-phrase.npy: IDR: 96.55%     MR: 0.57%       FAR: 2.87%      IDA: 0.990 ms
2444-phrase.npy: IDR: 98.11%     MR: 1.89%       FAR: 0.00%      IDA: 0.519 ms
2427-phrase.npy: IDR: 95.24%     MR: 1.06%       FAR: 3.70%      IDA: 0.918 ms
2431-phrase.npy: IDR: 90.71%     MR: 5.46%       FAR: 3.83%      IDA: 2.249 ms
2446-phrase.npy: IDR: 94.81%     MR: 2.60%       FAR: 2.60%      IDA: 1.637 ms
2445-phrase.npy: IDR: 88.43%     MR: 4.63%       FAR: 6.94%      IDA: 1.214 ms
2459-phrase.npy: IDR: 94.29%     MR: 1.90%       FAR: 3.81%      IDA: 1.677 ms
2432-phrase.npy: IDR: 81.51%     MR: 10.92%      FAR: 7.56%      IDA: 2.396 ms
2429-phrase.npy: IDR: 89.83%     MR: 1.69%       FAR: 8.47%      IDA: 0.225 ms
2448-phrase.npy: IDR: 98.22%     MR: 0.89%       FAR: 0.89%      IDA: 1.224 ms
2497-phrase.npy: IDR: 99.15%     MR: 0.00%       FAR: 0.85%      IDA: 1.050 ms
2457-phrase.npy: IDR: 96.69%     MR: 2.21%       FAR: 1.10%      IDA: 1.138 ms
2483-phrase.npy: IDR: 91.38%     MR: 4.02%       FAR: 4.60%      IDA: 1.005 ms
2499-phrase.npy: IDR: 92.57%     MR: 2.48%       FAR: 4.95%      IDA: 2.021 ms
2504-phrase.npy: IDR: 78.12%     MR: 17.19%      FAR: 4.69%      IDA: 1.616 ms
2502-phrase.npy: IDR: 96.69%     MR: 1.66%       FAR: 1.66%      IDA: 1.080 ms
2505-phrase.npy: IDR: 84.44%     MR: 6.67%       FAR: 8.89%      IDA: 2.215 ms
2477-phrase.npy: IDR: 90.06%     MR: 3.31%       FAR: 6.63%      IDA: 1.523 ms
2481-phrase.npy: IDR: 99.70%     MR: 0.00%       FAR: 0.30%      IDA: 0.432 ms
2601-phrase.npy: IDR: 87.58%     MR: 1.31%       FAR: 11.11%     IDA: 0.945 ms
2524-phrase.npy: IDR: 95.15%     MR: 3.88%       FAR: 0.97%      IDA: 0.363 ms
2506-phrase.npy: IDR: 55.56%     MR: 5.82%       FAR: 38.62%     IDA: 2.520 ms
2528-phrase.npy: IDR: 92.38%     MR: 3.31%       FAR: 4.30%      IDA: 1.426 ms

identification_rate:0.9236 miss_rate:0.03023 false_alarm_rate:0.04617 identification_accuracy:0.001308

GERD
1218-phrase.npy: IDR: 100.00%    MR: 0.00%       FAR: 0.00%      IDA: 0.605 ms
1551-phrase.npy: IDR: 100.00%    MR: 0.00%       FAR: 0.00%      IDA: 0.434 ms
1117-phrase.npy: IDR: 97.98%     MR: 0.00%       FAR: 2.02%      IDA: 1.033 ms

identification_rate:0.9933 miss_rate:  0.0 false_alarm_rate:0.006734 identification_accuracy:0.0006905

Gesangsstimme
1041-phrase.npy: IDR: 85.11%     MR: 6.38%       FAR: 8.51%      IDA: 1.764 ms
817-phrase.npy: IDR: 98.73%      MR: 1.27%       FAR: 0.00%      IDA: 1.337 ms
939-phrase.npy: IDR: 100.00%     MR: 0.00%       FAR: 0.00%      IDA: 0.188 ms
822-phrase.npy: IDR: 95.24%      MR: 2.04%       FAR: 2.72%      IDA: 0.770 ms
154-phrase.npy: IDR: 96.08%      MR: 1.96%       FAR: 1.96%      IDA: 1.819 ms
1038-phrase.npy: IDR: 93.75%     MR: 2.27%       FAR: 3.98%      IDA: 1.348 ms
1160-phrase.npy: IDR: 97.67%     MR: 1.86%       FAR: 0.47%      IDA: 0.358 ms
666-phrase.npy: IDR: 80.81%      MR: 10.10%      FAR: 9.09%      IDA: 2.342 ms
1275-phrase.npy: IDR: 87.59%     MR: 6.57%       FAR: 5.84%      IDA: 2.163 ms
1574-phrase.npy: IDR: 78.95%     MR: 18.42%      FAR: 2.63%      IDA: 2.080 ms
1588-phrase.npy: IDR: 87.66%     MR: 3.90%       FAR: 8.44%      IDA: 1.779 ms
1592-phrase.npy: IDR: 89.30%     MR: 3.21%       FAR: 7.49%      IDA: 2.067 ms
1615-phrase.npy: IDR: 94.20%     MR: 5.07%       FAR: 0.72%      IDA: 1.182 ms
1286-phrase.npy: IDR: 96.89%     MR: 1.24%       FAR: 1.86%      IDA: 1.146 ms
1224-phrase.npy: IDR: 97.92%     MR: 0.00%       FAR: 2.08%      IDA: 0.532 ms
1600-phrase.npy: IDR: 81.54%     MR: 7.69%       FAR: 10.77%     IDA: 2.158 ms
1616-phrase.npy: IDR: 86.54%     MR: 3.85%       FAR: 9.62%      IDA: 2.114 ms

identification_rate:0.9106 miss_rate:0.04461 false_alarm_rate:0.04481 identification_accuracy:0.001479

Granulom
1684-phrase.npy: IDR: 99.26%     MR: 0.74%       FAR: 0.00%      IDA: 0.616 ms
2566-phrase.npy: IDR: 86.75%     MR: 3.97%       FAR: 9.27%      IDA: 2.357 ms

identification_rate:0.9301 miss_rate:0.02354 false_alarm_rate:0.04636 identification_accuracy:0.001487

Hyperasthenie
1615-phrase.npy: IDR: 94.20%     MR: 5.07%       FAR: 0.72%      IDA: 1.182 ms

identification_rate:0.942 miss_rate:0.05072 false_alarm_rate:0.007246 identification_accuracy:0.001182

Hyperfunktionelle Dysphonie
127-phrase.npy: IDR: 92.98%      MR: 4.13%       FAR: 2.89%      IDA: 1.390 ms
106-phrase.npy: IDR: 98.21%      MR: 0.00%       FAR: 1.79%      IDA: 0.614 ms
159-phrase.npy: IDR: 97.33%      MR: 1.33%       FAR: 1.33%      IDA: 0.840 ms
140-phrase.npy: IDR: 92.91%      MR: 3.15%       FAR: 3.94%      IDA: 0.244 ms
144-phrase.npy: IDR: 84.80%      MR: 5.60%       FAR: 9.60%      IDA: 1.866 ms
355-phrase.npy: IDR: 97.67%      MR: 1.55%       FAR: 0.78%      IDA: 1.335 ms
724-phrase.npy: IDR: 93.47%      MR: 3.52%       FAR: 3.02%      IDA: 1.750 ms
363-phrase.npy: IDR: 90.59%      MR: 4.12%       FAR: 5.29%      IDA: 1.805 ms
499-phrase.npy: IDR: 94.55%      MR: 1.82%       FAR: 3.64%      IDA: 1.568 ms
692-phrase.npy: IDR: 95.83%      MR: 1.79%       FAR: 2.38%      IDA: 0.884 ms
160-phrase.npy: IDR: 96.57%      MR: 3.43%       FAR: 0.00%      IDA: 0.532 ms
669-phrase.npy: IDR: 95.74%      MR: 2.66%       FAR: 1.60%      IDA: 1.462 ms
348-phrase.npy: IDR: 99.58%      MR: 0.00%       FAR: 0.42%      IDA: 0.224 ms
665-phrase.npy: IDR: 97.95%      MR: 0.68%       FAR: 1.37%      IDA: 0.790 ms
857-phrase.npy: IDR: 92.31%      MR: 1.28%       FAR: 6.41%      IDA: 1.699 ms
850-phrase.npy: IDR: 98.97%      MR: 0.69%       FAR: 0.34%      IDA: 0.511 ms
829-phrase.npy: IDR: 100.00%     MR: 0.00%       FAR: 0.00%      IDA: 0.617 ms
854-phrase.npy: IDR: 98.20%      MR: 0.90%       FAR: 0.90%      IDA: 0.545 ms
827-phrase.npy: IDR: 93.14%      MR: 1.96%       FAR: 4.90%      IDA: 1.583 ms
881-phrase.npy: IDR: 80.95%      MR: 5.95%       FAR: 13.10%     IDA: 2.068 ms
