Amyotrophe Lateralsklerose
2373-phrase.npy: IDR: 86.36%     MR: 13.64%      FAR: 0.00%      IDA: 0.735 ms
1242-phrase.npy: IDR: 98.87%     MR: 1.13%       FAR: 0.00%      IDA: 0.336 ms

identification_rate:0.9262 miss_rate:0.07384 false_alarm_rate:  0.0 identification_accuracy:0.0005357

Aryluxation
1201-phrase.npy: IDR: 90.30%     MR: 3.73%       FAR: 5.97%      IDA: 1.461 ms
1575-phrase.npy: IDR: 94.41%     MR: 3.73%       FAR: 1.86%      IDA: 1.152 ms
1894-phrase.npy: IDR: 92.74%     MR: 4.03%       FAR: 3.23%      IDA: 0.906 ms
1678-phrase.npy: IDR: 80.95%     MR: 0.00%       FAR: 19.05%     IDA: 2.059 ms
1887-phrase.npy: IDR: 91.73%     MR: 1.50%       FAR: 6.77%      IDA: 1.368 ms
1906-phrase.npy: IDR: 88.74%     MR: 5.96%       FAR: 5.30%      IDA: 1.767 ms

identification_rate:0.8981 miss_rate:0.03159 false_alarm_rate:0.07029 identification_accuracy:0.001452

Balbuties
672-phrase.npy: IDR: 81.90%      MR: 18.10%      FAR: 0.00%      IDA: 0.351 ms
668-phrase.npy: IDR: 90.69%      MR: 5.26%       FAR: 4.05%      IDA: 1.624 ms
892-phrase.npy: IDR: 98.68%      MR: 1.32%       FAR: 0.00%      IDA: 0.282 ms
930-phrase.npy: IDR: 96.76%      MR: 3.24%       FAR: 0.00%      IDA: 0.527 ms
1296-phrase.npy: IDR: 89.08%     MR: 10.92%      FAR: 0.00%      IDA: 0.321 ms
1483-phrase.npy: IDR: 96.35%     MR: 2.92%       FAR: 0.73%      IDA: 0.460 ms
1650-phrase.npy: IDR: 97.27%     MR: 2.73%       FAR: 0.00%      IDA: 0.326 ms
1595-phrase.npy: IDR: 93.16%     MR: 5.98%       FAR: 0.85%      IDA: 1.014 ms
2129-phrase.npy: IDR: 96.83%     MR: 3.17%       FAR: 0.00%      IDA: 0.254 ms
2149-phrase.npy: IDR: 95.97%     MR: 4.03%       FAR: 0.00%      IDA: 0.338 ms
2145-phrase.npy: IDR: 83.72%     MR: 16.28%      FAR: 0.00%      IDA: 1.745 ms
2236-phrase.npy: IDR: 89.44%     MR: 9.94%       FAR: 0.62%      IDA: 0.373 ms
2013-phrase.npy: IDR: 99.60%     MR: 0.40%       FAR: 0.00%      IDA: 0.267 ms
2609-phrase.npy: IDR: 93.81%     MR: 6.19%       FAR: 0.00%      IDA: 0.537 ms
2289-phrase.npy: IDR: 93.80%     MR: 6.20%       FAR: 0.00%      IDA: 1.052 ms
2554-phrase.npy: IDR: 96.09%     MR: 3.91%       FAR: 0.00%      IDA: 0.954 ms
2470-phrase.npy: IDR: 93.71%     MR: 6.29%       FAR: 0.00%      IDA: 0.283 ms
1297-phrase.npy: IDR: 80.00%     MR: 20.00%      FAR: 0.00%      IDA: 0.325 ms
2611-phrase.npy: IDR: 86.05%     MR: 13.95%      FAR: 0.00%      IDA: 0.575 ms

identification_rate:0.9226 miss_rate:0.07413 false_alarm_rate:0.003292 identification_accuracy:0.0006109

Bulbarparalyse
1227-phrase.npy: IDR: 94.93%     MR: 1.69%       FAR: 3.38%      IDA: 1.203 ms
101-phrase.npy: IDR: 95.62%      MR: 2.50%       FAR: 1.88%      IDA: 1.088 ms

identification_rate:0.9528 miss_rate:0.02095 false_alarm_rate:0.02627 identification_accuracy:0.001145

Carcinoma in situ
1472-phrase.npy: IDR: 75.81%     MR: 20.16%      FAR: 4.03%      IDA: 0.525 ms

identification_rate:0.7581 miss_rate:0.2016 false_alarm_rate:0.04032 identification_accuracy:0.0005252

Chondrom
1338-phrase.npy: IDR: 79.25%     MR: 13.21%      FAR: 7.55%      IDA: 2.167 ms

identification_rate:0.7925 miss_rate:0.1321 false_alarm_rate:0.07547 identification_accuracy:0.002167

Chordektomie
873-phrase.npy: IDR: 78.31%      MR: 21.69%      FAR: 0.00%      IDA: 0.490 ms
719-phrase.npy: IDR: 61.86%      MR: 27.84%      FAR: 10.31%     IDA: 1.989 ms
845-phrase.npy: IDR: 85.42%      MR: 14.58%      FAR: 0.00%      IDA: 0.989 ms
847-phrase.npy: IDR: 77.42%      MR: 12.90%      FAR: 9.68%      IDA: 2.163 ms
491-phrase.npy: IDR: 56.04%      MR: 28.57%      FAR: 15.38%     IDA: 2.002 ms
504-phrase.npy: IDR: 73.26%      MR: 10.47%      FAR: 16.28%     IDA: 1.802 ms
915-phrase.npy: IDR: 84.62%      MR: 15.38%      FAR: 0.00%      IDA: 2.197 ms
1089-phrase.npy: IDR: 84.21%     MR: 5.26%       FAR: 10.53%     IDA: 2.103 ms
920-phrase.npy: IDR: 82.51%      MR: 4.92%       FAR: 12.57%     IDA: 1.660 ms
628-phrase.npy: IDR: 86.26%      MR: 13.74%      FAR: 0.00%      IDA: 0.400 ms
1084-phrase.npy: IDR: 70.00%     MR: 22.50%      FAR: 7.50%      IDA: 1.896 ms
1217-phrase.npy: IDR: 82.61%     MR: 8.70%       FAR: 8.70%      IDA: 2.114 ms
1321-phrase.npy: IDR: 92.81%     MR: 7.19%       FAR: 0.00%      IDA: 0.330 ms
1392-phrase.npy: IDR: 80.95%     MR: 10.48%      FAR: 8.57%      IDA: 1.377 ms
1339-phrase.npy: IDR: 94.24%     MR: 5.24%       FAR: 0.52%      IDA: 0.496 ms
1385-phrase.npy: IDR: 96.27%     MR: 2.99%       FAR: 0.75%      IDA: 0.701 ms
1376-phrase.npy: IDR: 95.24%     MR: 4.08%       FAR: 0.68%      IDA: 0.480 ms
1333-phrase.npy: IDR: 91.94%     MR: 8.06%       FAR: 0.00%      IDA: 0.461 ms
1393-phrase.npy: IDR: 94.24%     MR: 5.76%       FAR: 0.00%      IDA: 0.760 ms
1422-phrase.npy: IDR: 90.72%     MR: 8.76%       FAR: 0.52%      IDA: 0.803 ms
1410-phrase.npy: IDR: 83.04%     MR: 12.50%      FAR: 4.46%      IDA: 1.050 ms
1429-phrase.npy: IDR: 83.92%     MR: 16.08%      FAR: 0.00%      IDA: 0.774 ms
1450-phrase.npy: IDR: 78.86%     MR: 8.94%       FAR: 12.20%     IDA: 1.690 ms
1401-phrase.npy: IDR: 89.67%     MR: 9.78%       FAR: 0.54%      IDA: 0.935 ms
1486-phrase.npy: IDR: 89.66%     MR: 9.48%       FAR: 0.86%      IDA: 1.162 ms
1487-phrase.npy: IDR: 93.06%     MR: 4.05%       FAR: 2.89%      IDA: 1.284 ms
1412-phrase.npy: IDR: 87.50%     MR: 11.84%      FAR: 0.66%      IDA: 0.675 ms
1693-phrase.npy: IDR: 91.53%     MR: 8.47%       FAR: 0.00%      IDA: 1.685 ms
1771-phrase.npy: IDR: 87.10%     MR: 12.90%      FAR: 0.00%      IDA: 1.964 ms
1651-phrase.npy: IDR: 96.04%     MR: 1.76%       FAR: 2.20%      IDA: 0.884 ms
1503-phrase.npy: IDR: 79.22%     MR: 6.49%       FAR: 14.29%     IDA: 1.861 ms
1674-phrase.npy: IDR: 96.36%     MR: 2.27%       FAR: 1.36%      IDA: 1.435 ms
1774-phrase.npy: IDR: 40.91%     MR: 50.00%      FAR: 9.09%      IDA: 2.574 ms
1606-phrase.npy: IDR: 75.00%     MR: 18.75%      FAR: 6.25%      IDA: 2.297 ms
1625-phrase.npy: IDR: 98.01%     MR: 1.99%       FAR: 0.00%      IDA: 0.265 ms
1942-phrase.npy: IDR: 25.00%     MR: 25.00%      FAR: 50.00%     IDA: 0.000 ms
1932-phrase.npy: IDR: 86.30%     MR: 12.33%      FAR: 1.37%      IDA: 1.133 ms
1720-phrase.npy: IDR: 84.71%     MR: 8.28%       FAR: 7.01%      IDA: 1.682 ms
1991-phrase.npy: IDR: 73.33%     MR: 20.00%      FAR: 6.67%      IDA: 0.162 ms
2136-phrase.npy: IDR: 83.52%     MR: 6.59%       FAR: 9.89%      IDA: 1.867 ms
2064-phrase.npy: IDR: 82.05%     MR: 8.97%       FAR: 8.97%      IDA: 1.995 ms
2029-phrase.npy: IDR: 65.15%     MR: 25.76%      FAR: 9.09%      IDA: 2.326 ms
2189-phrase.npy: IDR: 75.68%     MR: 10.81%      FAR: 13.51%     IDA: 2.321 ms
2183-phrase.npy: IDR: 84.13%     MR: 9.52%       FAR: 6.35%      IDA: 1.692 ms
2226-phrase.npy: IDR: 18.18%     MR: 45.45%      FAR: 36.36%     IDA: 0.125 ms
2362-phrase.npy: IDR: 84.85%     MR: 7.58%       FAR: 7.58%      IDA: 2.224 ms
2380-phrase.npy: IDR: 79.89%     MR: 13.41%      FAR: 6.70%      IDA: 1.845 ms
2484-phrase.npy: IDR: 97.83%     MR: 1.45%       FAR: 0.72%      IDA: 1.081 ms
2458-phrase.npy: IDR: 98.31%     MR: 0.00%       FAR: 1.69%      IDA: 0.978 ms
2291-phrase.npy: IDR: 93.48%     MR: 4.35%       FAR: 2.17%      IDA: 0.424 ms
2453-phrase.npy: IDR: 56.41%     MR: 33.33%      FAR: 10.26%     IDA: 2.214 ms
2490-phrase.npy: IDR: 87.30%     MR: 3.17%       FAR: 9.52%      IDA: 1.067 ms
2494-phrase.npy: IDR: 92.19%     MR: 0.00%       FAR: 7.81%      IDA: 1.035 ms
2400-phrase.npy: IDR: 87.85%     MR: 4.67%       FAR: 7.48%      IDA: 2.078 ms
2503-phrase.npy: IDR: 60.47%     MR: 26.74%      FAR: 12.79%     IDA: 2.874 ms
2548-phrase.npy: IDR: 72.73%     MR: 12.12%      FAR: 15.15%     IDA: 2.237 ms
2575-phrase.npy: IDR: 85.06%     MR: 10.34%      FAR: 4.60%      IDA: 1.392 ms

identification_rate:0.8076 miss_rate:0.1236 false_alarm_rate:0.06886 identification_accuracy:0.001377

Cyste
1931-phrase.npy: IDR: 97.59%     MR: 0.60%       FAR: 1.81%      IDA: 1.183 ms
2144-phrase.npy: IDR: 88.50%     MR: 8.85%       FAR: 2.65%      IDA: 1.344 ms
2500-phrase.npy: IDR: 89.16%     MR: 10.84%      FAR: 0.00%      IDA: 0.389 ms
2137-phrase.npy: IDR: 90.51%     MR: 6.57%       FAR: 2.92%      IDA: 2.034 ms
1340-phrase.npy: IDR: 91.89%     MR: 5.41%       FAR: 2.70%      IDA: 2.010 ms
1941-phrase.npy: IDR: 92.54%     MR: 5.97%       FAR: 1.49%      IDA: 1.336 ms

identification_rate:0.917 miss_rate:0.06373 false_alarm_rate:0.0193 identification_accuracy:0.001382

Diplophonie
1802-phrase.npy: IDR: 93.08%     MR: 3.14%       FAR: 3.77%      IDA: 1.324 ms
1904-phrase.npy: IDR: 72.58%     MR: 12.90%      FAR: 14.52%     IDA: 1.536 ms
850-phrase.npy: IDR: 97.59%      MR: 1.72%       FAR: 0.69%      IDA: 0.643 ms
1791-phrase.npy: IDR: 76.74%     MR: 23.26%      FAR: 0.00%      IDA: 0.470 ms
876-phrase.npy: IDR: 91.74%      MR: 5.79%       FAR: 2.48%      IDA: 1.613 ms

identification_rate:0.8635 miss_rate:0.09361 false_alarm_rate:0.04291 identification_accuracy:0.001117

Dish-Syndrom
714-phrase.npy: IDR: 94.74%      MR: 5.26%       FAR: 0.00%      IDA: 0.594 ms

identification_rate:0.9474 miss_rate:0.05263 false_alarm_rate:  0.0 identification_accuracy:0.000594

Dysarthrophonie
1242-phrase.npy: IDR: 98.87%     MR: 1.13%       FAR: 0.00%      IDA: 0.336 ms
1943-phrase.npy: IDR: 91.67%     MR: 7.81%       FAR: 0.52%      IDA: 0.388 ms
1948-phrase.npy: IDR: 96.28%     MR: 2.60%       FAR: 1.12%      IDA: 0.896 ms
1772-phrase.npy: IDR: 92.59%     MR: 2.47%       FAR: 4.94%      IDA: 2.032 ms
921-phrase.npy: IDR: 74.65%      MR: 24.88%      FAR: 0.47%      IDA: 0.907 ms
1199-phrase.npy: IDR: 80.53%     MR: 19.47%      FAR: 0.00%      IDA: 0.474 ms
2094-phrase.npy: IDR: 87.58%     MR: 6.83%       FAR: 5.59%      IDA: 1.979 ms
2032-phrase.npy: IDR: 92.94%     MR: 7.06%       FAR: 0.00%      IDA: 0.480 ms
2057-phrase.npy: IDR: 96.23%     MR: 3.30%       FAR: 0.47%      IDA: 0.497 ms
2001-phrase.npy: IDR: 84.16%     MR: 15.84%      FAR: 0.00%      IDA: 0.459 ms
2223-phrase.npy: IDR: 91.38%     MR: 1.72%       FAR: 6.90%      IDA: 1.695 ms
2113-phrase.npy: IDR: 96.76%     MR: 3.24%       FAR: 0.00%      IDA: 0.379 ms
2130-phrase.npy: IDR: 84.81%     MR: 10.97%      FAR: 4.22%      IDA: 1.727 ms
2332-phrase.npy: IDR: 86.67%     MR: 5.00%       FAR: 8.33%      IDA: 1.893 ms
2355-phrase.npy: IDR: 85.85%     MR: 3.30%       FAR: 10.85%     IDA: 2.209 ms
2390-phrase.npy: IDR: 95.27%     MR: 4.14%       FAR: 0.59%      IDA: 0.862 ms
2295-phrase.npy: IDR: 93.39%     MR: 6.61%       FAR: 0.00%      IDA: 0.675 ms
2329-phrase.npy: IDR: 86.11%     MR: 13.89%      FAR: 0.00%      IDA: 0.355 ms
2334-phrase.npy: IDR: 84.72%     MR: 15.28%      FAR: 0.00%      IDA: 0.546 ms

identification_rate:0.895 miss_rate:0.08188 false_alarm_rate:0.02316 identification_accuracy:0.0009888

Dysodie
367-phrase.npy: IDR: 93.23%      MR: 3.01%       FAR: 3.76%      IDA: 1.375 ms
127-phrase.npy: IDR: 88.02%      MR: 10.33%      FAR: 1.65%      IDA: 1.358 ms
567-phrase.npy: IDR: 94.15%      MR: 2.13%       FAR: 3.72%      IDA: 1.192 ms
692-phrase.npy: IDR: 95.83%      MR: 2.38%       FAR: 1.79%      IDA: 1.162 ms
830-phrase.npy: IDR: 78.10%      MR: 21.90%      FAR: 0.00%      IDA: 1.014 ms
851-phrase.npy: IDR: 83.72%      MR: 5.81%       FAR: 10.47%     IDA: 2.275 ms
673-phrase.npy: IDR: 95.88%      MR: 1.18%       FAR: 2.94%      IDA: 1.238 ms
1241-phrase.npy: IDR: 94.17%     MR: 1.67%       FAR: 4.17%      IDA: 1.653 ms
1203-phrase.npy: IDR: 93.86%     MR: 0.00%       FAR: 6.14%      IDA: 1.332 ms
1309-phrase.npy: IDR: 91.67%     MR: 6.25%       FAR: 2.08%      IDA: 1.566 ms
1454-phrase.npy: IDR: 88.20%     MR: 3.73%       FAR: 8.07%      IDA: 1.665 ms
1443-phrase.npy: IDR: 95.07%     MR: 1.97%       FAR: 2.96%      IDA: 0.693 ms
1488-phrase.npy: IDR: 96.92%     MR: 2.31%       FAR: 0.77%      IDA: 0.259 ms
1193-phrase.npy: IDR: 90.64%     MR: 3.83%       FAR: 5.53%      IDA: 1.599 ms
907-phrase.npy: IDR: 86.26%      MR: 11.54%      FAR: 2.20%      IDA: 1.277 ms
1581-phrase.npy: IDR: 90.52%     MR: 5.21%       FAR: 4.27%      IDA: 2.137 ms
1659-phrase.npy: IDR: 91.97%     MR: 2.19%       FAR: 5.84%      IDA: 1.684 ms
1501-phrase.npy: IDR: 87.77%     MR: 6.47%       FAR: 5.76%      IDA: 1.812 ms
1681-phrase.npy: IDR: 94.54%     MR: 3.28%       FAR: 2.19%      IDA: 1.204 ms
1550-phrase.npy: IDR: 85.23%     MR: 14.77%      FAR: 0.00%      IDA: 0.249 ms
1596-phrase.npy: IDR: 88.30%     MR: 2.66%       FAR: 9.04%      IDA: 1.429 ms
1759-phrase.npy: IDR: 89.26%     MR: 4.13%       FAR: 6.61%      IDA: 1.388 ms
1761-phrase.npy: IDR: 92.71%     MR: 3.12%       FAR: 4.17%      IDA: 1.764 ms
1799-phrase.npy: IDR: 96.52%     MR: 1.99%       FAR: 1.49%      IDA: 0.689 ms
2061-phrase.npy: IDR: 72.81%     MR: 27.19%      FAR: 0.00%      IDA: 0.474 ms
1687-phrase.npy: IDR: 90.81%     MR: 9.19%       FAR: 0.00%      IDA: 0.703 ms
1981-phrase.npy: IDR: 94.12%     MR: 1.47%       FAR: 4.41%      IDA: 1.108 ms
2068-phrase.npy: IDR: 81.69%     MR: 17.61%      FAR: 0.70%      IDA: 0.435 ms
2074-phrase.npy: IDR: 96.27%     MR: 0.75%       FAR: 2.99%      IDA: 1.423 ms
2102-phrase.npy: IDR: 90.44%     MR: 3.68%       FAR: 5.88%      IDA: 1.776 ms
1813-phrase.npy: IDR: 93.19%     MR: 2.09%       FAR: 4.71%      IDA: 1.738 ms
1793-phrase.npy: IDR: 100.00%    MR: 0.00%       FAR: 0.00%      IDA: 0.161 ms
2103-phrase.npy: IDR: 84.77%     MR: 15.23%      FAR: 0.00%      IDA: 0.794 ms
2124-phrase.npy: IDR: 94.86%     MR: 1.40%       FAR: 3.74%      IDA: 0.919 ms
2222-phrase.npy: IDR: 93.02%     MR: 4.65%       FAR: 2.33%      IDA: 1.552 ms
2187-phrase.npy: IDR: 94.19%     MR: 4.07%       FAR: 1.74%      IDA: 1.643 ms
2184-phrase.npy: IDR: 82.91%     MR: 4.27%       FAR: 12.82%     IDA: 2.009 ms
2114-phrase.npy: IDR: 92.22%     MR: 3.59%       FAR: 4.19%      IDA: 2.275 ms
2143-phrase.npy: IDR: 90.07%     MR: 4.96%       FAR: 4.96%      IDA: 1.881 ms
2313-phrase.npy: IDR: 62.86%     MR: 37.14%      FAR: 0.00%      IDA: 0.410 ms
2322-phrase.npy: IDR: 91.52%     MR: 4.02%       FAR: 4.46%      IDA: 1.733 ms
2308-phrase.npy: IDR: 92.00%     MR: 4.00%       FAR: 4.00%      IDA: 1.582 ms
2309-phrase.npy: IDR: 91.33%     MR: 1.73%       FAR: 6.94%      IDA: 1.790 ms
2290-phrase.npy: IDR: 97.12%     MR: 2.16%       FAR: 0.72%      IDA: 1.408 ms
2327-phrase.npy: IDR: 80.49%     MR: 19.51%      FAR: 0.00%      IDA: 0.622 ms
2371-phrase.npy: IDR: 91.00%     MR: 5.21%       FAR: 3.79%      IDA: 1.696 ms
2398-phrase.npy: IDR: 94.67%     MR: 1.18%       FAR: 4.14%      IDA: 0.773 ms
2364-phrase.npy: IDR: 90.55%     MR: 3.15%       FAR: 6.30%      IDA: 1.862 ms
2474-phrase.npy: IDR: 88.66%     MR: 11.34%      FAR: 0.00%      IDA: 0.600 ms
2475-phrase.npy: IDR: 91.86%     MR: 3.49%       FAR: 4.65%      IDA: 1.371 ms
2354-phrase.npy: IDR: 89.26%     MR: 5.79%       FAR: 4.96%      IDA: 1.724 ms
2486-phrase.npy: IDR: 88.89%     MR: 0.85%       FAR: 10.26%     IDA: 1.851 ms
2552-phrase.npy: IDR: 84.78%     MR: 15.22%      FAR: 0.00%      IDA: 0.296 ms
2524-phrase.npy: IDR: 80.58%     MR: 19.42%      FAR: 0.00%      IDA: 0.355 ms
2558-phrase.npy: IDR: 87.58%     MR: 12.42%      FAR: 0.00%      IDA: 0.628 ms
2335-phrase.npy: IDR: 88.28%     MR: 1.56%       FAR: 10.16%     IDA: 1.904 ms

identification_rate:0.8974 miss_rate:0.06611 false_alarm_rate:0.03651 identification_accuracy:0.001277

Dysphonie
445-phrase.npy: IDR: 92.92%      MR: 1.77%       FAR: 5.31%      IDA: 1.559 ms
368-phrase.npy: IDR: 97.75%      MR: 2.25%       FAR: 0.00%      IDA: 0.205 ms
451-phrase.npy: IDR: 87.93%      MR: 4.02%       FAR: 8.05%      IDA: 1.363 ms
446-phrase.npy: IDR: 94.38%      MR: 5.62%       FAR: 0.00%      IDA: 0.289 ms
449-phrase.npy: IDR: 98.55%      MR: 0.00%       FAR: 1.45%      IDA: 0.226 ms
561-phrase.npy: IDR: 70.09%      MR: 21.50%      FAR: 8.41%      IDA: 2.375 ms
494-phrase.npy: IDR: 95.26%      MR: 2.37%       FAR: 2.37%      IDA: 0.789 ms
495-phrase.npy: IDR: 87.42%      MR: 12.58%      FAR: 0.00%      IDA: 0.459 ms
674-phrase.npy: IDR: 88.29%      MR: 7.21%       FAR: 4.50%      IDA: 1.688 ms
872-phrase.npy: IDR: 97.67%      MR: 1.55%       FAR: 0.78%      IDA: 0.951 ms
742-phrase.npy: IDR: 94.37%      MR: 5.63%       FAR: 0.00%      IDA: 0.321 ms
1057-phrase.npy: IDR: 87.25%     MR: 8.05%       FAR: 4.70%      IDA: 1.709 ms
916-phrase.npy: IDR: 88.48%      MR: 11.52%      FAR: 0.00%      IDA: 0.583 ms
1086-phrase.npy: IDR: 77.55%     MR: 21.77%      FAR: 0.68%      IDA: 0.878 ms
1187-phrase.npy: IDR: 84.85%     MR: 4.55%       FAR: 10.61%     IDA: 2.151 ms
1194-phrase.npy: IDR: 76.00%     MR: 24.00%      FAR: 0.00%      IDA: 0.858 ms
1247-phrase.npy: IDR: 62.79%     MR: 23.26%      FAR: 13.95%     IDA: 2.234 ms
1219-phrase.npy: IDR: 92.80%     MR: 1.60%       FAR: 5.60%      IDA: 1.455 ms
1312-phrase.npy: IDR: 85.00%     MR: 11.67%      FAR: 3.33%      IDA: 2.415 ms
925-phrase.npy: IDR: 100.00%     MR: 0.00%       FAR: 0.00%      IDA: 1.013 ms
1387-phrase.npy: IDR: 99.58%     MR: 0.00%       FAR: 0.42%      IDA: 0.222 ms
1250-phrase.npy: IDR: 81.56%     MR: 16.31%      FAR: 2.13%      IDA: 1.877 ms
1276-phrase.npy: IDR: 89.55%     MR: 3.73%       FAR: 6.72%      IDA: 1.760 ms
1248-phrase.npy: IDR: 98.00%     MR: 1.00%       FAR: 1.00%      IDA: 0.185 ms
1455-phrase.npy: IDR: 75.93%     MR: 24.07%      FAR: 0.00%      IDA: 0.489 ms
1485-phrase.npy: IDR: 86.52%     MR: 4.26%       FAR: 9.22%      IDA: 2.034 ms
1453-phrase.npy: IDR: 96.30%     MR: 1.85%       FAR: 1.85%      IDA: 1.304 ms
1457-phrase.npy: IDR: 96.12%     MR: 3.88%       FAR: 0.00%      IDA: 0.716 ms
1597-phrase.npy: IDR: 88.39%     MR: 11.61%      FAR: 0.00%      IDA: 0.752 ms
1502-phrase.npy: IDR: 93.12%     MR: 2.29%       FAR: 4.59%      IDA: 1.185 ms
1628-phrase.npy: IDR: 94.48%     MR: 5.52%       FAR: 0.00%      IDA: 0.346 ms
1580-phrase.npy: IDR: 99.19%     MR: 0.81%       FAR: 0.00%      IDA: 0.192 ms
1633-phrase.npy: IDR: 92.41%     MR: 1.90%       FAR: 5.70%      IDA: 1.229 ms
1636-phrase.npy: IDR: 94.74%     MR: 1.91%       FAR: 3.35%      IDA: 1.508 ms
1657-phrase.npy: IDR: 87.07%     MR: 10.34%      FAR: 2.59%      IDA: 1.343 ms
1768-phrase.npy: IDR: 88.89%     MR: 6.67%       FAR: 4.44%      IDA: 0.595 ms
1751-phrase.npy: IDR: 85.83%     MR: 14.17%      FAR: 0.00%      IDA: 0.911 ms
1718-phrase.npy: IDR: 82.69%     MR: 9.62%       FAR: 7.69%      IDA: 1.984 ms
1833-phrase.npy: IDR: 94.84%     MR: 1.41%       FAR: 3.76%      IDA: 1.017 ms
1984-phrase.npy: IDR: 94.93%     MR: 3.62%       FAR: 1.45%      IDA: 1.206 ms
1894-phrase.npy: IDR: 92.74%     MR: 4.03%       FAR: 3.23%      IDA: 0.906 ms
2000-phrase.npy: IDR: 76.69%     MR: 23.31%      FAR: 0.00%      IDA: 0.288 ms
2028-phrase.npy: IDR: 94.12%     MR: 4.28%       FAR: 1.60%      IDA: 0.701 ms
2066-phrase.npy: IDR: 96.81%     MR: 3.19%       FAR: 0.00%      IDA: 1.351 ms
2087-phrase.npy: IDR: 94.00%     MR: 2.00%       FAR: 4.00%      IDA: 1.270 ms
2019-phrase.npy: IDR: 60.00%     MR: 10.00%      FAR: 30.00%     IDA: 1.629 ms
2016-phrase.npy: IDR: 96.55%     MR: 0.00%       FAR: 3.45%      IDA: 0.902 ms
2096-phrase.npy: IDR: 95.73%     MR: 3.42%       FAR: 0.85%      IDA: 0.256 ms
2091-phrase.npy: IDR: 94.92%     MR: 1.52%       FAR: 3.55%      IDA: 1.038 ms
2097-phrase.npy: IDR: 92.20%     MR: 5.37%       FAR: 2.44%      IDA: 0.437 ms
2118-phrase.npy: IDR: 98.00%     MR: 2.00%       FAR: 0.00%      IDA: 0.398 ms
2117-phrase.npy: IDR: 97.92%     MR: 0.00%       FAR: 2.08%      IDA: 1.318 ms
2106-phrase.npy: IDR: 95.62%     MR: 1.59%       FAR: 2.79%      IDA: 1.761 ms
2125-phrase.npy: IDR: 77.23%     MR: 22.77%      FAR: 0.00%      IDA: 0.997 ms
2127-phrase.npy: IDR: 89.80%     MR: 1.02%       FAR: 9.18%      IDA: 1.941 ms
2119-phrase.npy: IDR: 97.67%     MR: 0.58%       FAR: 1.74%      IDA: 1.339 ms
2120-phrase.npy: IDR: 79.59%     MR: 20.41%      FAR: 0.00%      IDA: 1.052 ms
2126-phrase.npy: IDR: 93.90%     MR: 6.10%       FAR: 0.00%      IDA: 0.435 ms
2152-phrase.npy: IDR: 82.35%     MR: 16.81%      FAR: 0.84%      IDA: 0.279 ms
2147-phrase.npy: IDR: 91.08%     MR: 3.82%       FAR: 5.10%      IDA: 1.375 ms
2154-phrase.npy: IDR: 98.19%     MR: 1.81%       FAR: 0.00%      IDA: 0.170 ms
2226-phrase.npy: IDR: 18.18%     MR: 45.45%      FAR: 36.36%     IDA: 0.125 ms
2219-phrase.npy: IDR: 82.97%     MR: 17.03%      FAR: 0.00%      IDA: 0.737 ms
2217-phrase.npy: IDR: 84.21%     MR: 6.02%       FAR: 9.77%      IDA: 2.327 ms
2266-phrase.npy: IDR: 93.95%     MR: 2.79%       FAR: 3.26%      IDA: 1.048 ms
2238-phrase.npy: IDR: 80.82%     MR: 3.42%       FAR: 15.75%     IDA: 2.292 ms
2323-phrase.npy: IDR: 78.75%     MR: 21.25%      FAR: 0.00%      IDA: 0.544 ms
2311-phrase.npy: IDR: 85.37%     MR: 8.13%       FAR: 6.50%      IDA: 2.067 ms
2326-phrase.npy: IDR: 90.20%     MR: 9.80%       FAR: 0.00%      IDA: 0.696 ms
2309-phrase.npy: IDR: 91.33%     MR: 1.73%       FAR: 6.94%      IDA: 1.790 ms
2347-phrase.npy: IDR: 93.55%     MR: 5.16%       FAR: 1.29%      IDA: 0.740 ms
2325-phrase.npy: IDR: 90.57%     MR: 9.43%       FAR: 0.00%      IDA: 1.319 ms
2333-phrase.npy: IDR: 94.67%     MR: 4.67%       FAR: 0.67%      IDA: 1.278 ms
2356-phrase.npy: IDR: 93.30%     MR: 6.19%       FAR: 0.52%      IDA: 0.274 ms
2350-phrase.npy: IDR: 92.83%     MR: 4.15%       FAR: 3.02%      IDA: 1.576 ms
2387-phrase.npy: IDR: 96.39%     MR: 1.03%       FAR: 2.58%      IDA: 1.734 ms
2348-phrase.npy: IDR: 67.61%     MR: 32.39%      FAR: 0.00%      IDA: 0.878 ms
2369-phrase.npy: IDR: 97.95%     MR: 0.68%       FAR: 1.37%      IDA: 1.193 ms
2366-phrase.npy: IDR: 97.21%     MR: 0.47%       FAR: 2.33%      IDA: 1.104 ms
2388-phrase.npy: IDR: 90.50%     MR: 2.50%       FAR: 7.00%      IDA: 1.401 ms
2384-phrase.npy: IDR: 91.15%     MR: 8.33%       FAR: 0.52%      IDA: 1.136 ms
2401-phrase.npy: IDR: 96.45%     MR: 1.18%       FAR: 2.37%      IDA: 0.849 ms
2392-phrase.npy: IDR: 99.07%     MR: 0.46%       FAR: 0.46%      IDA: 0.737 ms
2391-phrase.npy: IDR: 79.75%     MR: 10.13%      FAR: 10.13%     IDA: 1.999 ms
2422-phrase.npy: IDR: 76.67%     MR: 14.44%      FAR: 8.89%      IDA: 2.272 ms
2389-phrase.npy: IDR: 92.38%     MR: 3.33%       FAR: 4.29%      IDA: 1.549 ms
2428-phrase.npy: IDR: 93.38%     MR: 0.74%       FAR: 5.88%      IDA: 1.254 ms
2405-phrase.npy: IDR: 95.39%     MR: 2.63%       FAR: 1.97%      IDA: 1.204 ms
2436-phrase.npy: IDR: 97.74%     MR: 2.26%       FAR: 0.00%      IDA: 0.255 ms
2488-phrase.npy: IDR: 83.19%     MR: 16.81%      FAR: 0.00%      IDA: 0.334 ms
2461-phrase.npy: IDR: 93.88%     MR: 4.59%       FAR: 1.53%      IDA: 0.517 ms
2456-phrase.npy: IDR: 90.43%     MR: 2.13%       FAR: 7.45%      IDA: 1.623 ms
2544-phrase.npy: IDR: 85.96%     MR: 7.02%       FAR: 7.02%      IDA: 2.608 ms
2530-phrase.npy: IDR: 80.56%     MR: 7.41%       FAR: 12.04%     IDA: 2.316 ms
2537-phrase.npy: IDR: 96.72%     MR: 2.87%       FAR: 0.41%      IDA: 1.150 ms
2575-phrase.npy: IDR: 85.06%     MR: 10.34%      FAR: 4.60%      IDA: 1.392 ms
2559-phrase.npy: IDR: 80.00%     MR: 20.00%      FAR: 0.00%      IDA: 0.633 ms
2583-phrase.npy: IDR: 89.29%     MR: 6.25%       FAR: 4.46%      IDA: 1.525 ms
2608-phrase.npy: IDR: 93.75%     MR: 6.25%       FAR: 0.00%      IDA: 0.470 ms
2607-phrase.npy: IDR: 96.83%     MR: 1.59%       FAR: 1.59%      IDA: 1.349 ms
2596-phrase.npy: IDR: 95.79%     MR: 2.11%       FAR: 2.11%      IDA: 0.111 ms

identification_rate:0.8899 miss_rate:0.07357 false_alarm_rate:0.03649 identification_accuracy:0.001115

Dysplastische Dysphonie
1649-phrase.npy: IDR: 94.84%     MR: 5.16%       FAR: 0.00%      IDA: 0.557 ms

identification_rate:0.9484 miss_rate:0.05161 false_alarm_rate:  0.0 identification_accuracy:0.0005573

Dysplastischer Kehlkopf
820-phrase.npy: IDR: 93.83%      MR: 3.70%       FAR: 2.47%      IDA: 1.512 ms

identification_rate:0.9383 miss_rate:0.03704 false_alarm_rate:0.02469 identification_accuracy:0.001512

Epiglottiskarzinom
1047-phrase.npy: IDR: 89.81%     MR: 5.56%       FAR: 4.63%      IDA: 1.811 ms

identification_rate:0.8981 miss_rate:0.05556 false_alarm_rate:0.0463 identification_accuracy:0.001811

Fibrom
1781-phrase.npy: IDR: 92.22%     MR: 2.40%       FAR: 5.39%      IDA: 1.740 ms
106-phrase.npy: IDR: 96.06%      MR: 3.94%       FAR: 0.00%      IDA: 0.579 ms

identification_rate:0.9414 miss_rate:0.03169 false_alarm_rate:0.02695 identification_accuracy:0.00116

Frontolaterale Teilresektion
1162-phrase.npy: IDR: 63.77%     MR: 8.70%       FAR: 27.54%     IDA: 1.263 ms
936-phrase.npy: IDR: 80.00%      MR: 8.89%       FAR: 11.11%     IDA: 2.204 ms
1165-phrase.npy: IDR: 89.09%     MR: 3.64%       FAR: 7.27%      IDA: 1.464 ms
815-phrase.npy: IDR: 82.14%      MR: 5.95%       FAR: 11.90%     IDA: 2.491 ms
1232-phrase.npy: IDR: 64.44%     MR: 33.33%      FAR: 2.22%      IDA: 1.762 ms
1234-phrase.npy: IDR: 88.57%     MR: 11.43%      FAR: 0.00%      IDA: 0.894 ms
891-phrase.npy: IDR: 78.38%      MR: 10.81%      FAR: 10.81%     IDA: 0.754 ms
1238-phrase.npy: IDR: 73.27%     MR: 15.84%      FAR: 10.89%     IDA: 1.459 ms
1191-phrase.npy: IDR: 94.92%     MR: 1.69%       FAR: 3.39%      IDA: 1.192 ms
1267-phrase.npy: IDR: 82.28%     MR: 17.72%      FAR: 0.00%      IDA: 1.018 ms
1279-phrase.npy: IDR: 80.15%     MR: 19.85%      FAR: 0.00%      IDA: 0.545 ms
1409-phrase.npy: IDR: 72.46%     MR: 15.94%      FAR: 11.59%     IDA: 1.771 ms
1313-phrase.npy: IDR: 93.84%     MR: 5.48%       FAR: 0.68%      IDA: 0.485 ms
1243-phrase.npy: IDR: 67.86%     MR: 21.43%      FAR: 10.71%     IDA: 2.236 ms
1561-phrase.npy: IDR: 72.14%     MR: 17.14%      FAR: 10.71%     IDA: 1.834 ms
1446-phrase.npy: IDR: 85.59%     MR: 5.41%       FAR: 9.01%      IDA: 1.874 ms
1487-phrase.npy: IDR: 93.06%     MR: 4.05%       FAR: 2.89%      IDA: 1.284 ms
1634-phrase.npy: IDR: 78.16%     MR: 11.49%      FAR: 10.34%     IDA: 2.061 ms
1635-phrase.npy: IDR: 77.44%     MR: 8.27%       FAR: 14.29%     IDA: 2.224 ms
1558-phrase.npy: IDR: 92.68%     MR: 6.10%       FAR: 1.22%      IDA: 0.999 ms
1490-phrase.npy: IDR: 88.89%     MR: 6.67%       FAR: 4.44%      IDA: 1.815 ms
1692-phrase.npy: IDR: 66.67%     MR: 33.33%      FAR: 0.00%      IDA: 1.422 ms
1720-phrase.npy: IDR: 84.71%     MR: 8.28%       FAR: 7.01%      IDA: 1.682 ms
1716-phrase.npy: IDR: 76.67%     MR: 15.33%      FAR: 8.00%      IDA: 2.234 ms
1756-phrase.npy: IDR: 91.53%     MR: 5.08%       FAR: 3.39%      IDA: 1.610 ms
1949-phrase.npy: IDR: 80.29%     MR: 11.68%      FAR: 8.03%      IDA: 1.905 ms
1749-phrase.npy: IDR: 90.91%     MR: 5.45%       FAR: 3.64%      IDA: 1.600 ms
1808-phrase.npy: IDR: 92.44%     MR: 2.91%       FAR: 4.65%      IDA: 0.904 ms
2386-phrase.npy: IDR: 88.29%     MR: 6.31%       FAR: 5.41%      IDA: 0.738 ms
2383-phrase.npy: IDR: 82.40%     MR: 7.20%       FAR: 10.40%     IDA: 2.011 ms
1913-phrase.npy: IDR: 25.00%     MR: 50.00%      FAR: 25.00%     IDA: 0.000 ms
2011-phrase.npy: IDR: 85.88%     MR: 9.41%       FAR: 4.71%      IDA: 0.837 ms
2131-phrase.npy: IDR: 98.15%     MR: 1.85%       FAR: 0.00%      IDA: 0.652 ms
2437-phrase.npy: IDR: 94.55%     MR: 0.91%       FAR: 4.55%      IDA: 1.530 ms
2456-phrase.npy: IDR: 90.43%     MR: 2.13%       FAR: 7.45%      IDA: 1.623 ms

identification_rate:0.8134 miss_rate:0.1142 false_alarm_rate:0.07236 identification_accuracy:0.001439

Funktionelle Dysphonie
722-phrase.npy: IDR: 95.77%      MR: 2.82%       FAR: 1.41%      IDA: 0.179 ms
631-phrase.npy: IDR: 89.09%      MR: 10.00%      FAR: 0.91%      IDA: 0.457 ms
350-phrase.npy: IDR: 88.72%      MR: 5.26%       FAR: 6.02%      IDA: 1.756 ms
351-phrase.npy: IDR: 96.70%      MR: 2.20%       FAR: 1.10%      IDA: 1.599 ms
723-phrase.npy: IDR: 69.88%      MR: 27.71%      FAR: 2.41%      IDA: 1.155 ms
727-phrase.npy: IDR: 94.41%      MR: 3.91%       FAR: 1.68%      IDA: 1.294 ms
634-phrase.npy: IDR: 77.12%      MR: 22.88%      FAR: 0.00%      IDA: 0.391 ms
718-phrase.npy: IDR: 80.85%      MR: 5.67%       FAR: 13.48%     IDA: 2.157 ms
729-phrase.npy: IDR: 98.72%      MR: 1.28%       FAR: 0.00%      IDA: 2.292 ms
870-phrase.npy: IDR: 90.43%      MR: 4.26%       FAR: 5.32%      IDA: 2.029 ms
851-phrase.npy: IDR: 83.72%      MR: 5.81%       FAR: 10.47%     IDA: 2.275 ms
730-phrase.npy: IDR: 97.62%      MR: 1.90%       FAR: 0.48%      IDA: 0.312 ms
878-phrase.npy: IDR: 90.84%      MR: 3.05%       FAR: 6.11%      IDA: 0.829 ms
913-phrase.npy: IDR: 88.89%      MR: 4.17%       FAR: 6.94%      IDA: 1.832 ms
1193-phrase.npy: IDR: 90.64%     MR: 3.83%       FAR: 5.53%      IDA: 1.599 ms
1200-phrase.npy: IDR: 94.59%     MR: 0.90%       FAR: 4.50%      IDA: 1.168 ms
1240-phrase.npy: IDR: 92.44%     MR: 3.36%       FAR: 4.20%      IDA: 1.596 ms
1230-phrase.npy: IDR: 95.16%     MR: 4.03%       FAR: 0.81%      IDA: 0.317 ms
1254-phrase.npy: IDR: 84.29%     MR: 6.43%       FAR: 9.29%      IDA: 2.381 ms
1241-phrase.npy: IDR: 94.17%     MR: 1.67%       FAR: 4.17%      IDA: 1.653 ms
1244-phrase.npy: IDR: 86.52%     MR: 7.09%       FAR: 6.38%      IDA: 2.460 ms
1258-phrase.npy: IDR: 88.89%     MR: 11.11%      FAR: 0.00%      IDA: 0.303 ms
1309-phrase.npy: IDR: 91.67%     MR: 6.25%       FAR: 2.08%      IDA: 1.566 ms
1328-phrase.npy: IDR: 82.02%     MR: 17.98%      FAR: 0.00%      IDA: 1.064 ms
1318-phrase.npy: IDR: 84.95%     MR: 15.05%      FAR: 0.00%      IDA: 0.743 ms
1322-phrase.npy: IDR: 82.98%     MR: 10.64%      FAR: 6.38%      IDA: 2.223 ms
1400-phrase.npy: IDR: 90.32%     MR: 4.84%       FAR: 4.84%      IDA: 1.652 ms
1326-phrase.npy: IDR: 94.01%     MR: 2.40%       FAR: 3.59%      IDA: 1.615 ms
1281-phrase.npy: IDR: 89.42%     MR: 4.23%       FAR: 6.35%      IDA: 2.278 ms
1415-phrase.npy: IDR: 84.76%     MR: 7.62%       FAR: 7.62%      IDA: 1.987 ms
1435-phrase.npy: IDR: 88.89%     MR: 2.02%       FAR: 9.09%      IDA: 1.776 ms
1609-phrase.npy: IDR: 80.92%     MR: 11.56%      FAR: 7.51%      IDA: 2.454 ms
1432-phrase.npy: IDR: 92.25%     MR: 3.52%       FAR: 4.23%      IDA: 1.030 ms
1589-phrase.npy: IDR: 95.98%     MR: 1.51%       FAR: 2.51%      IDA: 1.401 ms
1611-phrase.npy: IDR: 92.55%     MR: 3.11%       FAR: 4.35%      IDA: 1.111 ms
1627-phrase.npy: IDR: 85.71%     MR: 2.72%       FAR: 11.56%     IDA: 2.103 ms
1642-phrase.npy: IDR: 96.55%     MR: 3.45%       FAR: 0.00%      IDA: 0.231 ms
1645-phrase.npy: IDR: 95.11%     MR: 2.17%       FAR: 2.72%      IDA: 1.141 ms
1659-phrase.npy: IDR: 91.97%     MR: 2.19%       FAR: 5.84%      IDA: 1.684 ms
1552-phrase.npy: IDR: 92.24%     MR: 3.45%       FAR: 4.31%      IDA: 0.811 ms
1640-phrase.npy: IDR: 94.47%     MR: 2.01%       FAR: 3.52%      IDA: 1.416 ms
1680-phrase.npy: IDR: 83.48%     MR: 7.83%       FAR: 8.70%      IDA: 1.970 ms
1685-phrase.npy: IDR: 94.63%     MR: 2.01%       FAR: 3.36%      IDA: 2.048 ms
1681-phrase.npy: IDR: 94.54%     MR: 3.28%       FAR: 2.19%      IDA: 1.204 ms
1441-phrase.npy: IDR: 94.87%     MR: 3.85%       FAR: 1.28%      IDA: 1.455 ms
1688-phrase.npy: IDR: 85.11%     MR: 5.32%       FAR: 9.57%      IDA: 2.484 ms
1742-phrase.npy: IDR: 92.52%     MR: 2.04%       FAR: 5.44%      IDA: 2.316 ms
1694-phrase.npy: IDR: 89.87%     MR: 4.43%       FAR: 5.70%      IDA: 2.106 ms
1824-phrase.npy: IDR: 93.50%     MR: 3.66%       FAR: 2.85%      IDA: 1.277 ms
1827-phrase.npy: IDR: 95.36%     MR: 4.64%       FAR: 0.00%      IDA: 0.423 ms
1862-phrase.npy: IDR: 82.53%     MR: 4.22%       FAR: 13.25%     IDA: 1.837 ms
1801-phrase.npy: IDR: 71.05%     MR: 13.16%      FAR: 15.79%     IDA: 1.552 ms
1899-phrase.npy: IDR: 90.55%     MR: 0.79%       FAR: 8.66%      IDA: 1.104 ms
1798-phrase.npy: IDR: 95.29%     MR: 4.12%       FAR: 0.59%      IDA: 0.565 ms
1935-phrase.npy: IDR: 88.02%     MR: 5.99%       FAR: 5.99%      IDA: 1.330 ms
2006-phrase.npy: IDR: 91.45%     MR: 8.55%       FAR: 0.00%      IDA: 0.268 ms
1977-phrase.npy: IDR: 84.76%     MR: 5.71%       FAR: 9.52%      IDA: 1.728 ms
1936-phrase.npy: IDR: 90.14%     MR: 2.82%       FAR: 7.04%      IDA: 2.055 ms
2123-phrase.npy: IDR: 91.20%     MR: 4.00%       FAR: 4.80%      IDA: 1.794 ms
1958-phrase.npy: IDR: 93.55%     MR: 2.69%       FAR: 3.76%      IDA: 1.454 ms
2112-phrase.npy: IDR: 90.13%     MR: 3.95%       FAR: 5.92%      IDA: 2.138 ms
2267-phrase.npy: IDR: 91.00%     MR: 2.84%       FAR: 6.16%      IDA: 1.815 ms
2265-phrase.npy: IDR: 88.24%     MR: 10.29%      FAR: 1.47%      IDA: 0.611 ms
1966-phrase.npy: IDR: 89.47%     MR: 7.02%       FAR: 3.51%      IDA: 1.516 ms
2231-phrase.npy: IDR: 91.30%     MR: 8.70%       FAR: 0.00%      IDA: 0.856 ms
2297-phrase.npy: IDR: 94.34%     MR: 1.26%       FAR: 4.40%      IDA: 1.717 ms
2290-phrase.npy: IDR: 97.12%     MR: 2.16%       FAR: 0.72%      IDA: 1.408 ms
2313-phrase.npy: IDR: 62.86%     MR: 37.14%      FAR: 0.00%      IDA: 0.410 ms
2302-phrase.npy: IDR: 75.64%     MR: 13.46%      FAR: 10.90%     IDA: 1.694 ms
2308-phrase.npy: IDR: 92.00%     MR: 4.00%       FAR: 4.00%      IDA: 1.582 ms
2310-phrase.npy: IDR: 96.95%     MR: 2.54%       FAR: 0.51%      IDA: 0.773 ms
2312-phrase.npy: IDR: 90.14%     MR: 2.82%       FAR: 7.04%      IDA: 1.886 ms
2303-phrase.npy: IDR: 95.43%     MR: 2.28%       FAR: 2.28%      IDA: 1.681 ms
2357-phrase.npy: IDR: 87.59%     MR: 8.03%       FAR: 4.38%      IDA: 0.743 ms
2318-phrase.npy: IDR: 91.94%     MR: 8.06%       FAR: 0.00%      IDA: 0.252 ms
2327-phrase.npy: IDR: 80.49%     MR: 19.51%      FAR: 0.00%      IDA: 0.622 ms
2360-phrase.npy: IDR: 89.17%     MR: 1.67%       FAR: 9.17%      IDA: 1.559 ms
2359-phrase.npy: IDR: 84.13%     MR: 7.94%       FAR: 7.94%      IDA: 2.524 ms
2314-phrase.npy: IDR: 86.50%     MR: 12.27%      FAR: 1.23%      IDA: 1.036 ms
2336-phrase.npy: IDR: 87.57%     MR: 12.43%      FAR: 0.00%      IDA: 0.271 ms
2340-phrase.npy: IDR: 93.98%     MR: 6.02%       FAR: 0.00%      IDA: 0.334 ms
2367-phrase.npy: IDR: 94.64%     MR: 2.38%       FAR: 2.98%      IDA: 0.605 ms
2382-phrase.npy: IDR: 73.55%     MR: 24.79%      FAR: 1.65%      IDA: 1.620 ms
2365-phrase.npy: IDR: 93.99%     MR: 1.64%       FAR: 4.37%      IDA: 0.671 ms
2410-phrase.npy: IDR: 83.58%     MR: 16.42%      FAR: 0.00%      IDA: 0.203 ms
2417-phrase.npy: IDR: 90.16%     MR: 9.84%       FAR: 0.00%      IDA: 0.360 ms
2419-phrase.npy: IDR: 82.61%     MR: 17.39%      FAR: 0.00%      IDA: 0.411 ms
2416-phrase.npy: IDR: 89.47%     MR: 5.26%       FAR: 5.26%      IDA: 1.978 ms
2431-phrase.npy: IDR: 85.79%     MR: 8.20%       FAR: 6.01%      IDA: 2.183 ms
2429-phrase.npy: IDR: 91.53%     MR: 1.69%       FAR: 6.78%      IDA: 0.251 ms
2427-phrase.npy: IDR: 94.71%     MR: 3.17%       FAR: 2.12%      IDA: 1.340 ms
2444-phrase.npy: IDR: 93.08%     MR: 6.92%       FAR: 0.00%      IDA: 0.539 ms
2442-phrase.npy: IDR: 95.40%     MR: 1.15%       FAR: 3.45%      IDA: 1.156 ms
2445-phrase.npy: IDR: 89.81%     MR: 4.63%       FAR: 5.56%      IDA: 1.695 ms
2432-phrase.npy: IDR: 82.35%     MR: 10.08%      FAR: 7.56%      IDA: 2.335 ms
2446-phrase.npy: IDR: 93.51%     MR: 3.90%       FAR: 2.60%      IDA: 1.450 ms
2457-phrase.npy: IDR: 96.69%     MR: 1.10%       FAR: 2.21%      IDA: 1.428 ms
2448-phrase.npy: IDR: 96.89%     MR: 1.78%       FAR: 1.33%      IDA: 1.392 ms
2413-phrase.npy: IDR: 98.00%     MR: 1.00%       FAR: 1.00%      IDA: 1.004 ms
2497-phrase.npy: IDR: 100.00%    MR: 0.00%       FAR: 0.00%      IDA: 0.712 ms
2459-phrase.npy: IDR: 94.29%     MR: 0.95%       FAR: 4.76%      IDA: 1.801 ms
2483-phrase.npy: IDR: 79.89%     MR: 17.24%      FAR: 2.87%      IDA: 1.101 ms
2477-phrase.npy: IDR: 88.95%     MR: 6.08%       FAR: 4.97%      IDA: 1.812 ms
2499-phrase.npy: IDR: 90.59%     MR: 2.97%       FAR: 6.44%      IDA: 1.979 ms
2502-phrase.npy: IDR: 95.58%     MR: 2.76%       FAR: 1.66%      IDA: 1.102 ms
2481-phrase.npy: IDR: 90.91%     MR: 8.79%       FAR: 0.30%      IDA: 0.426 ms
2505-phrase.npy: IDR: 77.78%     MR: 11.11%      FAR: 11.11%     IDA: 1.955 ms
2504-phrase.npy: IDR: 84.38%     MR: 14.06%      FAR: 1.56%      IDA: 1.737 ms
2601-phrase.npy: IDR: 88.89%     MR: 0.65%       FAR: 10.46%     IDA: 0.869 ms
2528-phrase.npy: IDR: 91.39%     MR: 4.30%       FAR: 4.30%      IDA: 1.396 ms
2524-phrase.npy: IDR: 80.58%     MR: 19.42%      FAR: 0.00%      IDA: 0.355 ms
2506-phrase.npy: IDR: 55.03%     MR: 6.35%       FAR: 38.62%     IDA: 2.694 ms

identification_rate:0.891 miss_rate:0.06478 false_alarm_rate:0.04426 identification_accuracy:0.001351

GERD
1117-phrase.npy: IDR: 85.86%     MR: 13.13%      FAR: 1.01%      IDA: 0.856 ms
1218-phrase.npy: IDR: 96.55%     MR: 3.45%       FAR: 0.00%      IDA: 0.586 ms
1551-phrase.npy: IDR: 95.67%     MR: 4.33%       FAR: 0.00%      IDA: 0.427 ms

identification_rate:0.9269 miss_rate:0.06969 false_alarm_rate:0.003367 identification_accuracy:0.0006228

Gesangsstimme
154-phrase.npy: IDR: 94.77%      MR: 1.96%       FAR: 3.27%      IDA: 1.701 ms
666-phrase.npy: IDR: 86.36%      MR: 7.07%       FAR: 6.57%      IDA: 2.239 ms
822-phrase.npy: IDR: 95.92%      MR: 1.36%       FAR: 2.72%      IDA: 1.163 ms
1160-phrase.npy: IDR: 91.16%     MR: 8.37%       FAR: 0.47%      IDA: 0.348 ms
1038-phrase.npy: IDR: 92.05%     MR: 4.55%       FAR: 3.41%      IDA: 1.167 ms
1041-phrase.npy: IDR: 86.52%     MR: 7.80%       FAR: 5.67%      IDA: 1.791 ms
1286-phrase.npy: IDR: 97.52%     MR: 1.24%       FAR: 1.24%      IDA: 1.157 ms
817-phrase.npy: IDR: 94.94%      MR: 2.53%       FAR: 2.53%      IDA: 1.019 ms
1224-phrase.npy: IDR: 95.83%     MR: 4.17%       FAR: 0.00%      IDA: 1.097 ms
1275-phrase.npy: IDR: 91.97%     MR: 3.65%       FAR: 4.38%      IDA: 1.863 ms
1574-phrase.npy: IDR: 71.05%     MR: 23.68%      FAR: 5.26%      IDA: 2.075 ms
939-phrase.npy: IDR: 97.94%      MR: 2.06%       FAR: 0.00%      IDA: 0.184 ms
1588-phrase.npy: IDR: 84.42%     MR: 6.49%       FAR: 9.09%      IDA: 1.431 ms
1615-phrase.npy: IDR: 57.25%     MR: 42.75%      FAR: 0.00%      IDA: 0.612 ms
1600-phrase.npy: IDR: 86.15%     MR: 6.15%       FAR: 7.69%      IDA: 2.211 ms
1616-phrase.npy: IDR: 86.54%     MR: 3.85%       FAR: 9.62%      IDA: 1.836 ms
1592-phrase.npy: IDR: 86.63%     MR: 6.42%       FAR: 6.95%      IDA: 2.121 ms

identification_rate:0.8806 miss_rate:0.07889 false_alarm_rate:0.04051 identification_accuracy:0.001413

Granulom
1684-phrase.npy: IDR: 84.56%     MR: 15.44%      FAR: 0.00%      IDA: 0.256 ms
2566-phrase.npy: IDR: 83.44%     MR: 6.62%       FAR: 9.93%      IDA: 2.270 ms

identification_rate: 0.84 miss_rate:0.1103 false_alarm_rate:0.04967 identification_accuracy:0.001263

Hyperasthenie
1615-phrase.npy: IDR: 57.25%     MR: 42.75%      FAR: 0.00%      IDA: 0.612 ms

identification_rate:0.5725 miss_rate:0.4275 false_alarm_rate:  0.0 identification_accuracy:0.0006124

Hyperfunktionelle Dysphonie
140-phrase.npy: IDR: 92.91%      MR: 3.15%       FAR: 3.94%      IDA: 0.539 ms
348-phrase.npy: IDR: 97.89%      MR: 1.69%       FAR: 0.42%      IDA: 0.205 ms
355-phrase.npy: IDR: 97.67%      MR: 1.55%       FAR: 0.78%      IDA: 1.505 ms
144-phrase.npy: IDR: 81.60%      MR: 8.00%       FAR: 10.40%     IDA: 2.905 ms
106-phrase.npy: IDR: 96.06%      MR: 3.94%       FAR: 0.00%      IDA: 0.579 ms
127-phrase.npy: IDR: 88.02%      MR: 10.33%      FAR: 1.65%      IDA: 1.358 ms
159-phrase.npy: IDR: 81.33%      MR: 18.67%      FAR: 0.00%      IDA: 0.725 ms
160-phrase.npy: IDR: 92.57%      MR: 6.86%       FAR: 0.57%      IDA: 0.338 ms
363-phrase.npy: IDR: 88.82%      MR: 8.24%       FAR: 2.94%      IDA: 1.989 ms
499-phrase.npy: IDR: 85.45%      MR: 9.09%       FAR: 5.45%      IDA: 1.810 ms
819-phrase.npy: IDR: 95.96%      MR: 2.02%       FAR: 2.02%      IDA: 1.112 ms
827-phrase.npy: IDR: 94.12%      MR: 1.96%       FAR: 3.92%      IDA: 1.310 ms
724-phrase.npy: IDR: 91.96%      MR: 4.52%       FAR: 3.52%      IDA: 2.019 ms
669-phrase.npy: IDR: 95.74%      MR: 3.19%       FAR: 1.06%      IDA: 0.883 ms
829-phrase.npy: IDR: 95.38%      MR: 4.62%       FAR: 0.00%      IDA: 0.601 ms
665-phrase.npy: IDR: 93.84%      MR: 4.79%       FAR: 1.37%      IDA: 0.630 ms
692-phrase.npy: IDR: 95.83%      MR: 2.38%       FAR: 1.79%      IDA: 1.162 ms
854-phrase.npy: IDR: 82.88%      MR: 16.22%      FAR: 0.90%      IDA: 0.310 ms
850-phrase.npy: IDR: 97.59%      MR: 1.72%       FAR: 0.69%      IDA: 0.643 ms
857-phrase.npy: IDR: 88.46%      MR: 5.13%       FAR: 6.41%      IDA: 1.952 ms
