368-phrase.npy: IDR: 98.88%      MR: 0.00%       FAR: 1.12%      IDA: 0.209 ms
445-phrase.npy: IDR: 92.92%      MR: 1.77%       FAR: 5.31%      IDA: 1.668 ms
446-phrase.npy: IDR: 100.00%     MR: 0.00%       FAR: 0.00%      IDA: 0.322 ms
449-phrase.npy: IDR: 98.55%      MR: 0.00%       FAR: 1.45%      IDA: 0.220 ms
451-phrase.npy: IDR: 86.78%      MR: 5.17%       FAR: 8.05%      IDA: 1.449 ms
494-phrase.npy: IDR: 96.21%      MR: 1.42%       FAR: 2.37%      IDA: 1.200 ms
495-phrase.npy: IDR: 98.11%      MR: 1.89%       FAR: 0.00%      IDA: 0.526 ms
674-phrase.npy: IDR: 82.88%      MR: 9.01%       FAR: 8.11%      IDA: 2.125 ms
561-phrase.npy: IDR: 74.77%      MR: 18.69%      FAR: 6.54%      IDA: 2.391 ms
742-phrase.npy: IDR: 99.30%      MR: 0.00%       FAR: 0.70%      IDA: 0.368 ms
872-phrase.npy: IDR: 96.90%      MR: 1.55%       FAR: 1.55%      IDA: 1.623 ms
916-phrase.npy: IDR: 100.00%     MR: 0.00%       FAR: 0.00%      IDA: 0.729 ms
1194-phrase.npy: IDR: 96.00%     MR: 2.67%       FAR: 1.33%      IDA: 1.346 ms
925-phrase.npy: IDR: 100.00%     MR: 0.00%       FAR: 0.00%      IDA: 1.360 ms
1187-phrase.npy: IDR: 93.94%     MR: 3.03%       FAR: 3.03%      IDA: 2.103 ms
1086-phrase.npy: IDR: 91.84%     MR: 7.48%       FAR: 0.68%      IDA: 0.847 ms
1057-phrase.npy: IDR: 85.91%     MR: 9.40%       FAR: 4.70%      IDA: 2.001 ms
1219-phrase.npy: IDR: 91.20%     MR: 4.00%       FAR: 4.80%      IDA: 2.061 ms
1247-phrase.npy: IDR: 60.47%     MR: 20.93%      FAR: 18.60%     IDA: 1.911 ms
1250-phrase.npy: IDR: 88.65%     MR: 7.09%       FAR: 4.26%      IDA: 1.914 ms
1248-phrase.npy: IDR: 99.00%     MR: 0.00%       FAR: 1.00%      IDA: 0.177 ms
1312-phrase.npy: IDR: 76.67%     MR: 15.00%      FAR: 8.33%      IDA: 2.263 ms
1276-phrase.npy: IDR: 88.81%     MR: 3.73%       FAR: 7.46%      IDA: 1.484 ms
1387-phrase.npy: IDR: 99.58%     MR: 0.00%       FAR: 0.42%      IDA: 0.216 ms
1455-phrase.npy: IDR: 99.07%     MR: 0.93%       FAR: 0.00%      IDA: 0.929 ms
1453-phrase.npy: IDR: 95.37%     MR: 1.85%       FAR: 2.78%      IDA: 1.239 ms
1597-phrase.npy: IDR: 100.00%    MR: 0.00%       FAR: 0.00%      IDA: 0.855 ms
1485-phrase.npy: IDR: 85.11%     MR: 4.96%       FAR: 9.93%      IDA: 1.956 ms
1457-phrase.npy: IDR: 99.51%     MR: 0.49%       FAR: 0.00%      IDA: 0.594 ms
1502-phrase.npy: IDR: 94.04%     MR: 1.83%       FAR: 4.13%      IDA: 1.044 ms
1628-phrase.npy: IDR: 99.39%     MR: 0.61%       FAR: 0.00%      IDA: 0.392 ms
1580-phrase.npy: IDR: 100.00%    MR: 0.00%       FAR: 0.00%      IDA: 0.192 ms
1633-phrase.npy: IDR: 91.14%     MR: 1.90%       FAR: 6.96%      IDA: 1.153 ms
1636-phrase.npy: IDR: 94.74%     MR: 1.44%       FAR: 3.83%      IDA: 1.508 ms
1768-phrase.npy: IDR: 91.11%     MR: 3.33%       FAR: 5.56%      IDA: 0.579 ms
1718-phrase.npy: IDR: 82.69%     MR: 7.69%       FAR: 9.62%      IDA: 1.867 ms
1657-phrase.npy: IDR: 88.79%     MR: 0.86%       FAR: 10.34%     IDA: 1.684 ms
1751-phrase.npy: IDR: 100.00%    MR: 0.00%       FAR: 0.00%      IDA: 0.769 ms
1833-phrase.npy: IDR: 94.37%     MR: 0.94%       FAR: 4.69%      IDA: 1.106 ms
1894-phrase.npy: IDR: 92.74%     MR: 4.03%       FAR: 3.23%      IDA: 0.911 ms
1984-phrase.npy: IDR: 92.03%     MR: 5.07%       FAR: 2.90%      IDA: 0.842 ms
2000-phrase.npy: IDR: 100.00%    MR: 0.00%       FAR: 0.00%      IDA: 0.412 ms
2028-phrase.npy: IDR: 96.79%     MR: 1.07%       FAR: 2.14%      IDA: 0.815 ms
2087-phrase.npy: IDR: 91.33%     MR: 4.00%       FAR: 4.67%      IDA: 1.478 ms
2019-phrase.npy: IDR: 80.00%     MR: 0.00%       FAR: 20.00%     IDA: 1.273 ms
2066-phrase.npy: IDR: 100.00%    MR: 0.00%       FAR: 0.00%      IDA: 1.257 ms
2096-phrase.npy: IDR: 97.44%     MR: 0.85%       FAR: 1.71%      IDA: 0.253 ms
2091-phrase.npy: IDR: 96.45%     MR: 1.02%       FAR: 2.54%      IDA: 1.173 ms
2016-phrase.npy: IDR: 96.55%     MR: 0.00%       FAR: 3.45%      IDA: 0.901 ms
2117-phrase.npy: IDR: 96.53%     MR: 1.39%       FAR: 2.08%      IDA: 0.861 ms
2118-phrase.npy: IDR: 98.67%     MR: 0.67%       FAR: 0.67%      IDA: 0.377 ms
2125-phrase.npy: IDR: 100.00%    MR: 0.00%       FAR: 0.00%      IDA: 1.427 ms
2097-phrase.npy: IDR: 96.10%     MR: 0.98%       FAR: 2.93%      IDA: 0.935 ms
2119-phrase.npy: IDR: 97.09%     MR: 0.00%       FAR: 2.91%      IDA: 1.451 ms
2106-phrase.npy: IDR: 95.62%     MR: 0.40%       FAR: 3.98%      IDA: 1.669 ms
2126-phrase.npy: IDR: 100.00%    MR: 0.00%       FAR: 0.00%      IDA: 0.421 ms
2127-phrase.npy: IDR: 88.78%     MR: 2.04%       FAR: 9.18%      IDA: 2.206 ms
2147-phrase.npy: IDR: 92.36%     MR: 2.55%       FAR: 5.10%      IDA: 1.656 ms
2120-phrase.npy: IDR: 95.92%     MR: 0.00%       FAR: 4.08%      IDA: 1.397 ms
2154-phrase.npy: IDR: 100.00%    MR: 0.00%       FAR: 0.00%      IDA: 0.149 ms
2226-phrase.npy: IDR: 27.27%     MR: 45.45%      FAR: 27.27%     IDA: 2.384 ms
2238-phrase.npy: IDR: 81.51%     MR: 2.74%       FAR: 15.75%     IDA: 2.257 ms
2152-phrase.npy: IDR: 96.64%     MR: 2.52%       FAR: 0.84%      IDA: 0.387 ms
2219-phrase.npy: IDR: 98.90%     MR: 1.10%       FAR: 0.00%      IDA: 0.930 ms
2217-phrase.npy: IDR: 84.96%     MR: 5.26%       FAR: 9.77%      IDA: 1.992 ms
2309-phrase.npy: IDR: 91.91%     MR: 1.73%       FAR: 6.36%      IDA: 1.819 ms
2311-phrase.npy: IDR: 89.43%     MR: 4.07%       FAR: 6.50%      IDA: 1.777 ms
2266-phrase.npy: IDR: 97.21%     MR: 0.47%       FAR: 2.33%      IDA: 1.143 ms
2325-phrase.npy: IDR: 97.95%     MR: 2.05%       FAR: 0.00%      IDA: 1.390 ms
2350-phrase.npy: IDR: 94.72%     MR: 1.89%       FAR: 3.40%      IDA: 1.451 ms
2323-phrase.npy: IDR: 98.12%     MR: 1.88%       FAR: 0.00%      IDA: 0.574 ms
2356-phrase.npy: IDR: 98.45%     MR: 1.03%       FAR: 0.52%      IDA: 0.554 ms
2333-phrase.npy: IDR: 97.33%     MR: 1.33%       FAR: 1.33%      IDA: 1.067 ms
2326-phrase.npy: IDR: 99.02%     MR: 0.98%       FAR: 0.00%      IDA: 0.473 ms
2347-phrase.npy: IDR: 95.48%     MR: 2.58%       FAR: 1.94%      IDA: 0.908 ms
2348-phrase.npy: IDR: 92.96%     MR: 6.34%       FAR: 0.70%      IDA: 1.088 ms
2369-phrase.npy: IDR: 97.26%     MR: 2.74%       FAR: 0.00%      IDA: 1.324 ms
2388-phrase.npy: IDR: 90.00%     MR: 3.00%       FAR: 7.00%      IDA: 1.405 ms
2387-phrase.npy: IDR: 96.91%     MR: 1.03%       FAR: 2.06%      IDA: 1.363 ms
2366-phrase.npy: IDR: 96.74%     MR: 0.93%       FAR: 2.33%      IDA: 1.186 ms
2391-phrase.npy: IDR: 84.18%     MR: 7.59%       FAR: 8.23%      IDA: 2.318 ms
2384-phrase.npy: IDR: 95.83%     MR: 2.60%       FAR: 1.56%      IDA: 0.835 ms
2389-phrase.npy: IDR: 92.86%     MR: 3.33%       FAR: 3.81%      IDA: 1.378 ms
2392-phrase.npy: IDR: 99.07%     MR: 0.00%       FAR: 0.93%      IDA: 0.642 ms
2405-phrase.npy: IDR: 96.71%     MR: 1.64%       FAR: 1.64%      IDA: 1.198 ms
2461-phrase.npy: IDR: 97.45%     MR: 1.02%       FAR: 1.53%      IDA: 0.582 ms
2456-phrase.npy: IDR: 89.36%     MR: 3.19%       FAR: 7.45%      IDA: 1.754 ms
2436-phrase.npy: IDR: 99.44%     MR: 0.56%       FAR: 0.00%      IDA: 0.271 ms
2422-phrase.npy: IDR: 82.22%     MR: 6.67%       FAR: 11.11%     IDA: 2.107 ms
2428-phrase.npy: IDR: 91.18%     MR: 1.47%       FAR: 7.35%      IDA: 1.752 ms
2401-phrase.npy: IDR: 99.41%     MR: 0.59%       FAR: 0.00%      IDA: 1.055 ms
2488-phrase.npy: IDR: 99.16%     MR: 0.84%       FAR: 0.00%      IDA: 0.544 ms
2575-phrase.npy: IDR: 88.51%     MR: 6.90%       FAR: 4.60%      IDA: 1.535 ms
2544-phrase.npy: IDR: 88.89%     MR: 4.09%       FAR: 7.02%      IDA: 2.347 ms
2559-phrase.npy: IDR: 99.23%     MR: 0.77%       FAR: 0.00%      IDA: 0.856 ms
2530-phrase.npy: IDR: 79.63%     MR: 9.26%       FAR: 11.11%     IDA: 2.270 ms
2607-phrase.npy: IDR: 99.21%     MR: 0.79%       FAR: 0.00%      IDA: 1.363 ms
2537-phrase.npy: IDR: 99.59%     MR: 0.00%       FAR: 0.41%      IDA: 1.144 ms
2596-phrase.npy: IDR: 96.49%     MR: 1.40%       FAR: 2.11%      IDA: 0.432 ms
2608-phrase.npy: IDR: 99.22%     MR: 0.78%       FAR: 0.00%      IDA: 0.495 ms
2583-phrase.npy: IDR: 91.52%     MR: 4.91%       FAR: 3.57%      IDA: 1.428 ms

identification_rate:0.9316 miss_rate:0.03082 false_alarm_rate:0.0376 identification_accuracy:0.001188
