350-phrase.npy: IDR: 91.73%      MR: 3.01%       FAR: 5.26%      IDA: 1.544 ms
631-phrase.npy: IDR: 98.18%      MR: 0.00%       FAR: 1.82%      IDA: 0.627 ms
718-phrase.npy: IDR: 80.85%      MR: 3.55%       FAR: 15.60%     IDA: 1.965 ms
351-phrase.npy: IDR: 97.25%      MR: 1.10%       FAR: 1.65%      IDA: 1.488 ms
634-phrase.npy: IDR: 99.35%      MR: 0.65%       FAR: 0.00%      IDA: 0.406 ms
722-phrase.npy: IDR: 97.65%      MR: 0.94%       FAR: 1.41%      IDA: 0.176 ms
723-phrase.npy: IDR: 89.76%      MR: 6.63%       FAR: 3.61%      IDA: 1.409 ms
727-phrase.npy: IDR: 98.32%      MR: 0.00%       FAR: 1.68%      IDA: 0.887 ms
729-phrase.npy: IDR: 93.59%      MR: 5.13%       FAR: 1.28%      IDA: 2.351 ms
1200-phrase.npy: IDR: 95.50%     MR: 0.00%       FAR: 4.50%      IDA: 0.655 ms
851-phrase.npy: IDR: 88.37%      MR: 2.33%       FAR: 9.30%      IDA: 2.114 ms
730-phrase.npy: IDR: 99.52%      MR: 0.00%       FAR: 0.48%      IDA: 0.346 ms
878-phrase.npy: IDR: 92.37%      MR: 0.00%       FAR: 7.63%      IDA: 0.910 ms
1230-phrase.npy: IDR: 99.19%     MR: 0.00%       FAR: 0.81%      IDA: 0.336 ms
1240-phrase.npy: IDR: 94.12%     MR: 0.84%       FAR: 5.04%      IDA: 1.750 ms
1193-phrase.npy: IDR: 92.77%     MR: 1.70%       FAR: 5.53%      IDA: 1.619 ms
913-phrase.npy: IDR: 90.28%      MR: 2.08%       FAR: 7.64%      IDA: 1.341 ms
1258-phrase.npy: IDR: 98.81%     MR: 1.19%       FAR: 0.00%      IDA: 0.434 ms
870-phrase.npy: IDR: 86.17%      MR: 5.32%       FAR: 8.51%      IDA: 2.366 ms
1241-phrase.npy: IDR: 92.50%     MR: 3.33%       FAR: 4.17%      IDA: 1.282 ms
1281-phrase.npy: IDR: 86.24%     MR: 5.29%       FAR: 8.47%      IDA: 2.247 ms
1309-phrase.npy: IDR: 94.27%     MR: 2.60%       FAR: 3.12%      IDA: 1.460 ms
1318-phrase.npy: IDR: 95.70%     MR: 4.30%       FAR: 0.00%      IDA: 0.886 ms
1244-phrase.npy: IDR: 90.07%     MR: 4.96%       FAR: 4.96%      IDA: 2.220 ms
1322-phrase.npy: IDR: 74.47%     MR: 17.02%      FAR: 8.51%      IDA: 2.457 ms
1328-phrase.npy: IDR: 96.63%     MR: 3.37%       FAR: 0.00%      IDA: 1.030 ms
1254-phrase.npy: IDR: 77.14%     MR: 10.71%      FAR: 12.14%     IDA: 2.498 ms
1400-phrase.npy: IDR: 91.94%     MR: 4.03%       FAR: 4.03%      IDA: 2.027 ms
1326-phrase.npy: IDR: 95.81%     MR: 0.60%       FAR: 3.59%      IDA: 1.606 ms
1415-phrase.npy: IDR: 87.62%     MR: 3.81%       FAR: 8.57%      IDA: 2.028 ms
1432-phrase.npy: IDR: 95.07%     MR: 2.11%       FAR: 2.82%      IDA: 1.181 ms
1552-phrase.npy: IDR: 94.83%     MR: 1.72%       FAR: 3.45%      IDA: 0.593 ms
1441-phrase.npy: IDR: 94.87%     MR: 3.21%       FAR: 1.92%      IDA: 1.772 ms
1627-phrase.npy: IDR: 81.63%     MR: 6.80%       FAR: 11.56%     IDA: 2.194 ms
1609-phrase.npy: IDR: 83.82%     MR: 5.78%       FAR: 10.40%     IDA: 1.965 ms
1589-phrase.npy: IDR: 96.98%     MR: 1.51%       FAR: 1.51%      IDA: 1.406 ms
1611-phrase.npy: IDR: 93.17%     MR: 0.62%       FAR: 6.21%      IDA: 1.133 ms
1435-phrase.npy: IDR: 87.88%     MR: 2.02%       FAR: 10.10%     IDA: 1.534 ms
1645-phrase.npy: IDR: 97.28%     MR: 0.54%       FAR: 2.17%      IDA: 1.019 ms
1642-phrase.npy: IDR: 100.00%    MR: 0.00%       FAR: 0.00%      IDA: 0.225 ms
1659-phrase.npy: IDR: 89.05%     MR: 2.92%       FAR: 8.03%      IDA: 1.218 ms
1681-phrase.npy: IDR: 94.54%     MR: 2.19%       FAR: 3.28%      IDA: 0.775 ms
1688-phrase.npy: IDR: 80.85%     MR: 7.45%       FAR: 11.70%     IDA: 1.961 ms
1685-phrase.npy: IDR: 95.30%     MR: 2.68%       FAR: 2.01%      IDA: 1.430 ms
1680-phrase.npy: IDR: 84.35%     MR: 7.83%       FAR: 7.83%      IDA: 2.040 ms
1798-phrase.npy: IDR: 97.65%     MR: 1.76%       FAR: 0.59%      IDA: 0.380 ms
1640-phrase.npy: IDR: 96.48%     MR: 1.51%       FAR: 2.01%      IDA: 1.296 ms
1801-phrase.npy: IDR: 74.56%     MR: 10.53%      FAR: 14.91%     IDA: 1.644 ms
1694-phrase.npy: IDR: 91.14%     MR: 1.90%       FAR: 6.96%      IDA: 1.945 ms
1824-phrase.npy: IDR: 93.90%     MR: 3.66%       FAR: 2.44%      IDA: 1.315 ms
1899-phrase.npy: IDR: 92.13%     MR: 0.00%       FAR: 7.87%      IDA: 0.877 ms
1935-phrase.npy: IDR: 93.41%     MR: 2.40%       FAR: 4.19%      IDA: 1.606 ms
1827-phrase.npy: IDR: 100.00%    MR: 0.00%       FAR: 0.00%      IDA: 0.411 ms
1862-phrase.npy: IDR: 86.14%     MR: 2.41%       FAR: 11.45%     IDA: 1.617 ms
1742-phrase.npy: IDR: 93.20%     MR: 2.04%       FAR: 4.76%      IDA: 2.238 ms
1958-phrase.npy: IDR: 95.16%     MR: 1.08%       FAR: 3.76%      IDA: 1.512 ms
1936-phrase.npy: IDR: 90.14%     MR: 3.52%       FAR: 6.34%      IDA: 2.115 ms
1966-phrase.npy: IDR: 92.11%     MR: 2.63%       FAR: 5.26%      IDA: 1.748 ms
2231-phrase.npy: IDR: 98.14%     MR: 0.62%       FAR: 1.24%      IDA: 0.752 ms
1977-phrase.npy: IDR: 88.57%     MR: 4.76%       FAR: 6.67%      IDA: 2.089 ms
2123-phrase.npy: IDR: 92.00%     MR: 3.20%       FAR: 4.80%      IDA: 1.602 ms
2267-phrase.npy: IDR: 91.47%     MR: 3.32%       FAR: 5.21%      IDA: 2.009 ms
2112-phrase.npy: IDR: 86.84%     MR: 5.26%       FAR: 7.89%      IDA: 2.018 ms
2290-phrase.npy: IDR: 95.68%     MR: 2.88%       FAR: 1.44%      IDA: 1.189 ms
2006-phrase.npy: IDR: 99.34%     MR: 0.66%       FAR: 0.00%      IDA: 0.350 ms
2265-phrase.npy: IDR: 95.59%     MR: 3.43%       FAR: 0.98%      IDA: 0.555 ms
2308-phrase.npy: IDR: 96.00%     MR: 2.67%       FAR: 1.33%      IDA: 1.693 ms
2310-phrase.npy: IDR: 96.95%     MR: 2.03%       FAR: 1.02%      IDA: 1.021 ms
2303-phrase.npy: IDR: 95.89%     MR: 1.83%       FAR: 2.28%      IDA: 1.646 ms
2302-phrase.npy: IDR: 80.77%     MR: 8.97%       FAR: 10.26%     IDA: 1.790 ms
2313-phrase.npy: IDR: 99.05%     MR: 0.95%       FAR: 0.00%      IDA: 0.501 ms
2312-phrase.npy: IDR: 90.85%     MR: 2.82%       FAR: 6.34%      IDA: 1.709 ms
2336-phrase.npy: IDR: 98.92%     MR: 0.54%       FAR: 0.54%      IDA: 0.243 ms
2327-phrase.npy: IDR: 98.37%     MR: 1.63%       FAR: 0.00%      IDA: 0.915 ms
2318-phrase.npy: IDR: 99.19%     MR: 0.81%       FAR: 0.00%      IDA: 0.258 ms
2357-phrase.npy: IDR: 84.67%     MR: 8.76%       FAR: 6.57%      IDA: 1.101 ms
2297-phrase.npy: IDR: 94.97%     MR: 1.89%       FAR: 3.14%      IDA: 1.816 ms
2314-phrase.npy: IDR: 96.32%     MR: 2.45%       FAR: 1.23%      IDA: 1.111 ms
2359-phrase.npy: IDR: 88.89%     MR: 4.76%       FAR: 6.35%      IDA: 2.210 ms
2340-phrase.npy: IDR: 100.00%    MR: 0.00%       FAR: 0.00%      IDA: 0.313 ms
2360-phrase.npy: IDR: 87.50%     MR: 1.67%       FAR: 10.83%     IDA: 1.190 ms
2382-phrase.npy: IDR: 90.08%     MR: 6.61%       FAR: 3.31%      IDA: 1.405 ms
2419-phrase.npy: IDR: 99.38%     MR: 0.62%       FAR: 0.00%      IDA: 0.689 ms
2365-phrase.npy: IDR: 92.35%     MR: 2.19%       FAR: 5.46%      IDA: 0.560 ms
2413-phrase.npy: IDR: 98.00%     MR: 1.00%       FAR: 1.00%      IDA: 0.634 ms
2416-phrase.npy: IDR: 93.57%     MR: 2.92%       FAR: 3.51%      IDA: 1.547 ms
2417-phrase.npy: IDR: 98.96%     MR: 0.52%       FAR: 0.52%      IDA: 0.465 ms
2410-phrase.npy: IDR: 100.00%    MR: 0.00%       FAR: 0.00%      IDA: 0.334 ms
2367-phrase.npy: IDR: 97.02%     MR: 0.00%       FAR: 2.98%      IDA: 0.783 ms
2442-phrase.npy: IDR: 96.55%     MR: 0.57%       FAR: 2.87%      IDA: 0.990 ms
2444-phrase.npy: IDR: 98.11%     MR: 1.89%       FAR: 0.00%      IDA: 0.519 ms
2427-phrase.npy: IDR: 95.24%     MR: 1.06%       FAR: 3.70%      IDA: 0.918 ms
2431-phrase.npy: IDR: 90.71%     MR: 5.46%       FAR: 3.83%      IDA: 2.249 ms
2446-phrase.npy: IDR: 94.81%     MR: 2.60%       FAR: 2.60%      IDA: 1.637 ms
2445-phrase.npy: IDR: 88.43%     MR: 4.63%       FAR: 6.94%      IDA: 1.214 ms
2459-phrase.npy: IDR: 94.29%     MR: 1.90%       FAR: 3.81%      IDA: 1.677 ms
2432-phrase.npy: IDR: 81.51%     MR: 10.92%      FAR: 7.56%      IDA: 2.396 ms
2429-phrase.npy: IDR: 89.83%     MR: 1.69%       FAR: 8.47%      IDA: 0.225 ms
2448-phrase.npy: IDR: 98.22%     MR: 0.89%       FAR: 0.89%      IDA: 1.224 ms
2497-phrase.npy: IDR: 99.15%     MR: 0.00%       FAR: 0.85%      IDA: 1.050 ms
2457-phrase.npy: IDR: 96.69%     MR: 2.21%       FAR: 1.10%      IDA: 1.138 ms
2483-phrase.npy: IDR: 91.38%     MR: 4.02%       FAR: 4.60%      IDA: 1.005 ms
2499-phrase.npy: IDR: 92.57%     MR: 2.48%       FAR: 4.95%      IDA: 2.021 ms
2504-phrase.npy: IDR: 78.12%     MR: 17.19%      FAR: 4.69%      IDA: 1.616 ms
2502-phrase.npy: IDR: 96.69%     MR: 1.66%       FAR: 1.66%      IDA: 1.080 ms
2505-phrase.npy: IDR: 84.44%     MR: 6.67%       FAR: 8.89%      IDA: 2.215 ms
2477-phrase.npy: IDR: 90.06%     MR: 3.31%       FAR: 6.63%      IDA: 1.523 ms
2481-phrase.npy: IDR: 99.70%     MR: 0.00%       FAR: 0.30%      IDA: 0.432 ms
2601-phrase.npy: IDR: 87.58%     MR: 1.31%       FAR: 11.11%     IDA: 0.945 ms
2524-phrase.npy: IDR: 95.15%     MR: 3.88%       FAR: 0.97%      IDA: 0.363 ms
2506-phrase.npy: IDR: 55.56%     MR: 5.82%       FAR: 38.62%     IDA: 2.520 ms
2528-phrase.npy: IDR: 92.38%     MR: 3.31%       FAR: 4.30%      IDA: 1.426 ms

identification_rate:0.9236 miss_rate:0.03023 false_alarm_rate:0.04617 identification_accuracy:0.001308
