127-phrase.npy: IDR: 92.98%      MR: 4.13%       FAR: 2.89%      IDA: 1.390 ms
106-phrase.npy: IDR: 98.21%      MR: 0.00%       FAR: 1.79%      IDA: 0.614 ms
159-phrase.npy: IDR: 97.33%      MR: 1.33%       FAR: 1.33%      IDA: 0.840 ms
140-phrase.npy: IDR: 92.91%      MR: 3.15%       FAR: 3.94%      IDA: 0.244 ms
144-phrase.npy: IDR: 84.80%      MR: 5.60%       FAR: 9.60%      IDA: 1.866 ms
355-phrase.npy: IDR: 97.67%      MR: 1.55%       FAR: 0.78%      IDA: 1.335 ms
724-phrase.npy: IDR: 93.47%      MR: 3.52%       FAR: 3.02%      IDA: 1.750 ms
363-phrase.npy: IDR: 90.59%      MR: 4.12%       FAR: 5.29%      IDA: 1.805 ms
499-phrase.npy: IDR: 94.55%      MR: 1.82%       FAR: 3.64%      IDA: 1.568 ms
692-phrase.npy: IDR: 95.83%      MR: 1.79%       FAR: 2.38%      IDA: 0.884 ms
160-phrase.npy: IDR: 96.57%      MR: 3.43%       FAR: 0.00%      IDA: 0.532 ms
669-phrase.npy: IDR: 95.74%      MR: 2.66%       FAR: 1.60%      IDA: 1.462 ms
348-phrase.npy: IDR: 99.58%      MR: 0.00%       FAR: 0.42%      IDA: 0.224 ms
665-phrase.npy: IDR: 97.95%      MR: 0.68%       FAR: 1.37%      IDA: 0.790 ms
857-phrase.npy: IDR: 92.31%      MR: 1.28%       FAR: 6.41%      IDA: 1.699 ms
850-phrase.npy: IDR: 98.97%      MR: 0.69%       FAR: 0.34%      IDA: 0.511 ms
829-phrase.npy: IDR: 100.00%     MR: 0.00%       FAR: 0.00%      IDA: 0.617 ms
854-phrase.npy: IDR: 98.20%      MR: 0.90%       FAR: 0.90%      IDA: 0.545 ms
827-phrase.npy: IDR: 93.14%      MR: 1.96%       FAR: 4.90%      IDA: 1.583 ms
881-phrase.npy: IDR: 80.95%      MR: 5.95%       FAR: 13.10%     IDA: 2.068 ms
819-phrase.npy: IDR: 98.99%      MR: 0.00%       FAR: 1.01%      IDA: 1.465 ms
888-phrase.npy: IDR: 88.00%      MR: 4.00%       FAR: 8.00%      IDA: 1.435 ms
894-phrase.npy: IDR: 99.32%      MR: 0.00%       FAR: 0.68%      IDA: 0.297 ms
889-phrase.npy: IDR: 92.93%      MR: 4.55%       FAR: 2.53%      IDA: 1.518 ms
868-phrase.npy: IDR: 93.12%      MR: 2.43%       FAR: 4.45%      IDA: 1.635 ms
909-phrase.npy: IDR: 92.68%      MR: 2.44%       FAR: 4.88%      IDA: 1.621 ms
922-phrase.npy: IDR: 97.42%      MR: 2.58%       FAR: 0.00%      IDA: 0.619 ms
934-phrase.npy: IDR: 87.31%      MR: 5.22%       FAR: 7.46%      IDA: 2.172 ms
890-phrase.npy: IDR: 91.67%      MR: 5.56%       FAR: 2.78%      IDA: 1.865 ms
898-phrase.npy: IDR: 96.80%      MR: 0.80%       FAR: 2.40%      IDA: 1.324 ms
1043-phrase.npy: IDR: 97.60%     MR: 1.60%       FAR: 0.80%      IDA: 0.902 ms
1050-phrase.npy: IDR: 84.15%     MR: 3.66%       FAR: 12.20%     IDA: 2.187 ms
1051-phrase.npy: IDR: 97.37%     MR: 1.58%       FAR: 1.05%      IDA: 0.736 ms
1037-phrase.npy: IDR: 94.24%     MR: 2.88%       FAR: 2.88%      IDA: 1.214 ms
1044-phrase.npy: IDR: 92.72%     MR: 4.37%       FAR: 2.91%      IDA: 1.246 ms
1088-phrase.npy: IDR: 90.79%     MR: 0.00%       FAR: 9.21%      IDA: 1.952 ms
1083-phrase.npy: IDR: 99.43%     MR: 0.57%       FAR: 0.00%      IDA: 1.075 ms
1085-phrase.npy: IDR: 99.55%     MR: 0.45%       FAR: 0.00%      IDA: 0.206 ms
1090-phrase.npy: IDR: 94.71%     MR: 3.37%       FAR: 1.92%      IDA: 1.299 ms
1118-phrase.npy: IDR: 92.86%     MR: 2.68%       FAR: 4.46%      IDA: 1.516 ms
1113-phrase.npy: IDR: 88.62%     MR: 4.88%       FAR: 6.50%      IDA: 1.592 ms
1196-phrase.npy: IDR: 88.37%     MR: 3.49%       FAR: 8.14%      IDA: 2.077 ms
1189-phrase.npy: IDR: 95.65%     MR: 1.45%       FAR: 2.90%      IDA: 1.153 ms
1204-phrase.npy: IDR: 92.26%     MR: 4.17%       FAR: 3.57%      IDA: 1.735 ms
1222-phrase.npy: IDR: 88.33%     MR: 5.83%       FAR: 5.83%      IDA: 1.576 ms
1282-phrase.npy: IDR: 100.00%    MR: 0.00%       FAR: 0.00%      IDA: 0.708 ms
1294-phrase.npy: IDR: 95.09%     MR: 1.84%       FAR: 3.07%      IDA: 2.064 ms
1299-phrase.npy: IDR: 93.06%     MR: 4.17%       FAR: 2.78%      IDA: 1.786 ms
1280-phrase.npy: IDR: 86.54%     MR: 5.77%       FAR: 7.69%      IDA: 2.497 ms
1284-phrase.npy: IDR: 93.60%     MR: 4.00%       FAR: 2.40%      IDA: 1.218 ms
1266-phrase.npy: IDR: 75.20%     MR: 10.40%      FAR: 14.40%     IDA: 1.994 ms
1285-phrase.npy: IDR: 99.35%     MR: 0.00%       FAR: 0.65%      IDA: 0.861 ms
1310-phrase.npy: IDR: 95.15%     MR: 3.88%       FAR: 0.97%      IDA: 0.875 ms
1327-phrase.npy: IDR: 86.72%     MR: 4.69%       FAR: 8.59%      IDA: 2.059 ms
1324-phrase.npy: IDR: 93.53%     MR: 2.88%       FAR: 3.60%      IDA: 0.898 ms
1331-phrase.npy: IDR: 92.21%     MR: 1.95%       FAR: 5.84%      IDA: 1.937 ms
1379-phrase.npy: IDR: 89.87%     MR: 3.80%       FAR: 6.33%      IDA: 2.109 ms
1335-phrase.npy: IDR: 95.89%     MR: 1.37%       FAR: 2.74%      IDA: 1.148 ms
1394-phrase.npy: IDR: 96.32%     MR: 0.61%       FAR: 3.07%      IDA: 0.360 ms
1380-phrase.npy: IDR: 95.92%     MR: 2.04%       FAR: 2.04%      IDA: 1.232 ms
1442-phrase.npy: IDR: 90.85%     MR: 4.58%       FAR: 4.58%      IDA: 1.648 ms
1443-phrase.npy: IDR: 96.06%     MR: 0.49%       FAR: 3.45%      IDA: 1.314 ms
1406-phrase.npy: IDR: 87.41%     MR: 5.19%       FAR: 7.41%      IDA: 1.696 ms
1468-phrase.npy: IDR: 78.91%     MR: 6.12%       FAR: 14.97%     IDA: 1.987 ms
1462-phrase.npy: IDR: 93.51%     MR: 3.03%       FAR: 3.46%      IDA: 0.872 ms
1464-phrase.npy: IDR: 92.81%     MR: 5.04%       FAR: 2.16%      IDA: 1.036 ms
1431-phrase.npy: IDR: 93.26%     MR: 2.81%       FAR: 3.93%      IDA: 0.892 ms
1459-phrase.npy: IDR: 87.67%     MR: 4.79%       FAR: 7.53%      IDA: 1.455 ms
1562-phrase.npy: IDR: 79.73%     MR: 16.22%      FAR: 4.05%      IDA: 1.358 ms
1476-phrase.npy: IDR: 91.33%     MR: 5.33%       FAR: 3.33%      IDA: 1.218 ms
1492-phrase.npy: IDR: 98.81%     MR: 1.19%       FAR: 0.00%      IDA: 0.532 ms
1500-phrase.npy: IDR: 74.88%     MR: 13.49%      FAR: 11.63%     IDA: 1.525 ms
1471-phrase.npy: IDR: 86.49%     MR: 4.50%       FAR: 9.01%      IDA: 2.459 ms
1569-phrase.npy: IDR: 100.00%    MR: 0.00%       FAR: 0.00%      IDA: 0.649 ms
1602-phrase.npy: IDR: 96.92%     MR: 0.00%       FAR: 3.08%      IDA: 0.674 ms
1566-phrase.npy: IDR: 93.99%     MR: 2.19%       FAR: 3.83%      IDA: 1.446 ms
1571-phrase.npy: IDR: 89.14%     MR: 2.26%       FAR: 8.60%      IDA: 0.964 ms
1607-phrase.npy: IDR: 92.91%     MR: 3.55%       FAR: 3.55%      IDA: 1.759 ms
1591-phrase.npy: IDR: 99.70%     MR: 0.00%       FAR: 0.30%      IDA: 0.354 ms
1594-phrase.npy: IDR: 84.91%     MR: 5.66%       FAR: 9.43%      IDA: 2.109 ms
1608-phrase.npy: IDR: 92.91%     MR: 3.15%       FAR: 3.94%      IDA: 1.356 ms
1637-phrase.npy: IDR: 93.98%     MR: 1.20%       FAR: 4.82%      IDA: 1.431 ms
1653-phrase.npy: IDR: 85.22%     MR: 14.78%      FAR: 0.00%      IDA: 1.479 ms
1660-phrase.npy: IDR: 84.72%     MR: 6.94%       FAR: 8.33%      IDA: 2.315 ms
1643-phrase.npy: IDR: 94.39%     MR: 3.27%       FAR: 2.34%      IDA: 0.992 ms
1648-phrase.npy: IDR: 94.03%     MR: 2.61%       FAR: 3.36%      IDA: 1.373 ms
1686-phrase.npy: IDR: 98.11%     MR: 1.26%       FAR: 0.63%      IDA: 1.050 ms
1690-phrase.npy: IDR: 95.75%     MR: 2.32%       FAR: 1.93%      IDA: 1.142 ms
1682-phrase.npy: IDR: 91.67%     MR: 1.67%       FAR: 6.67%      IDA: 1.600 ms
1741-phrase.npy: IDR: 100.00%    MR: 0.00%       FAR: 0.00%      IDA: 0.166 ms
1745-phrase.npy: IDR: 97.41%     MR: 0.52%       FAR: 2.07%      IDA: 1.174 ms
1753-phrase.npy: IDR: 80.62%     MR: 10.00%      FAR: 9.38%      IDA: 2.946 ms
1754-phrase.npy: IDR: 96.79%     MR: 2.29%       FAR: 0.92%      IDA: 1.144 ms
1777-phrase.npy: IDR: 85.71%     MR: 2.65%       FAR: 11.64%     IDA: 0.946 ms
1758-phrase.npy: IDR: 89.25%     MR: 4.03%       FAR: 6.72%      IDA: 1.955 ms
1786-phrase.npy: IDR: 85.91%     MR: 6.04%       FAR: 8.05%      IDA: 1.759 ms
1778-phrase.npy: IDR: 91.25%     MR: 5.00%       FAR: 3.75%      IDA: 1.157 ms
1794-phrase.npy: IDR: 81.40%     MR: 8.14%       FAR: 10.47%     IDA: 1.913 ms
1800-phrase.npy: IDR: 96.95%     MR: 0.61%       FAR: 2.44%      IDA: 0.705 ms
1792-phrase.npy: IDR: 95.21%     MR: 1.20%       FAR: 3.59%      IDA: 1.048 ms
1802-phrase.npy: IDR: 98.11%     MR: 0.00%       FAR: 1.89%      IDA: 0.970 ms
1812-phrase.npy: IDR: 79.86%     MR: 5.56%       FAR: 14.58%     IDA: 1.151 ms
1813-phrase.npy: IDR: 92.15%     MR: 2.62%       FAR: 5.24%      IDA: 1.596 ms
1822-phrase.npy: IDR: 96.36%     MR: 1.82%       FAR: 1.82%      IDA: 1.614 ms
1816-phrase.npy: IDR: 87.50%     MR: 2.34%       FAR: 10.16%     IDA: 2.108 ms
1823-phrase.npy: IDR: 89.64%     MR: 4.78%       FAR: 5.58%      IDA: 1.486 ms
1887-phrase.npy: IDR: 93.98%     MR: 1.50%       FAR: 4.51%      IDA: 1.481 ms
1861-phrase.npy: IDR: 96.89%     MR: 1.86%       FAR: 1.24%      IDA: 1.164 ms
1888-phrase.npy: IDR: 89.47%     MR: 7.02%       FAR: 3.51%      IDA: 1.559 ms
1891-phrase.npy: IDR: 93.98%     MR: 1.50%       FAR: 4.51%      IDA: 1.595 ms
1900-phrase.npy: IDR: 97.87%     MR: 1.42%       FAR: 0.71%      IDA: 0.869 ms
1895-phrase.npy: IDR: 77.23%     MR: 8.91%       FAR: 13.86%     IDA: 1.594 ms
1903-phrase.npy: IDR: 100.00%    MR: 0.00%       FAR: 0.00%      IDA: 0.340 ms
1906-phrase.npy: IDR: 94.04%     MR: 1.99%       FAR: 3.97%      IDA: 1.705 ms
1898-phrase.npy: IDR: 89.56%     MR: 2.20%       FAR: 8.24%      IDA: 0.822 ms
1927-phrase.npy: IDR: 94.12%     MR: 1.18%       FAR: 4.71%      IDA: 1.402 ms
1910-phrase.npy: IDR: 83.33%     MR: 9.09%       FAR: 7.58%      IDA: 1.979 ms
1929-phrase.npy: IDR: 93.67%     MR: 4.43%       FAR: 1.90%      IDA: 1.224 ms
1944-phrase.npy: IDR: 80.00%     MR: 8.00%       FAR: 12.00%     IDA: 1.636 ms
1978-phrase.npy: IDR: 100.00%    MR: 0.00%       FAR: 0.00%      IDA: 0.172 ms
1982-phrase.npy: IDR: 86.36%     MR: 6.82%       FAR: 6.82%      IDA: 2.301 ms
1934-phrase.npy: IDR: 98.57%     MR: 0.00%       FAR: 1.43%      IDA: 0.486 ms
1952-phrase.npy: IDR: 85.38%     MR: 5.38%       FAR: 9.23%      IDA: 2.313 ms
1983-phrase.npy: IDR: 90.60%     MR: 3.36%       FAR: 6.04%      IDA: 2.060 ms
1964-phrase.npy: IDR: 92.77%     MR: 2.41%       FAR: 4.82%      IDA: 1.467 ms
1976-phrase.npy: IDR: 94.91%     MR: 1.85%       FAR: 3.24%      IDA: 1.470 ms
1988-phrase.npy: IDR: 86.11%     MR: 2.78%       FAR: 11.11%     IDA: 1.825 ms
1993-phrase.npy: IDR: 92.50%     MR: 2.50%       FAR: 5.00%      IDA: 1.597 ms
2012-phrase.npy: IDR: 86.14%     MR: 8.91%       FAR: 4.95%      IDA: 1.507 ms
2062-phrase.npy: IDR: 90.77%     MR: 3.08%       FAR: 6.15%      IDA: 1.482 ms
1989-phrase.npy: IDR: 92.47%     MR: 4.79%       FAR: 2.74%      IDA: 1.936 ms
2034-phrase.npy: IDR: 95.33%     MR: 2.00%       FAR: 2.67%      IDA: 1.329 ms
1990-phrase.npy: IDR: 88.57%     MR: 3.81%       FAR: 7.62%      IDA: 0.734 ms
2067-phrase.npy: IDR: 80.38%     MR: 5.06%       FAR: 14.56%     IDA: 2.049 ms
2071-phrase.npy: IDR: 86.09%     MR: 5.22%       FAR: 8.70%      IDA: 2.103 ms
2080-phrase.npy: IDR: 95.70%     MR: 2.15%       FAR: 2.15%      IDA: 1.697 ms
2077-phrase.npy: IDR: 97.39%     MR: 0.87%       FAR: 1.74%      IDA: 0.836 ms
2104-phrase.npy: IDR: 90.11%     MR: 4.40%       FAR: 5.49%      IDA: 2.013 ms
2090-phrase.npy: IDR: 92.73%     MR: 3.64%       FAR: 3.64%      IDA: 1.067 ms
2081-phrase.npy: IDR: 100.00%    MR: 0.00%       FAR: 0.00%      IDA: 0.500 ms
2107-phrase.npy: IDR: 92.06%     MR: 3.17%       FAR: 4.76%      IDA: 1.504 ms
2102-phrase.npy: IDR: 89.71%     MR: 4.41%       FAR: 5.88%      IDA: 1.759 ms
2114-phrase.npy: IDR: 92.22%     MR: 3.59%       FAR: 4.19%      IDA: 2.240 ms
2105-phrase.npy: IDR: 89.90%     MR: 2.44%       FAR: 7.67%      IDA: 1.617 ms
2135-phrase.npy: IDR: 98.48%     MR: 0.00%       FAR: 1.52%      IDA: 0.226 ms
2124-phrase.npy: IDR: 96.26%     MR: 0.47%       FAR: 3.27%      IDA: 1.157 ms
2121-phrase.npy: IDR: 87.36%     MR: 5.17%       FAR: 7.47%      IDA: 1.810 ms
2138-phrase.npy: IDR: 93.55%     MR: 2.30%       FAR: 4.15%      IDA: 1.924 ms
2122-phrase.npy: IDR: 92.97%     MR: 1.56%       FAR: 5.47%      IDA: 1.550 ms
2185-phrase.npy: IDR: 98.31%     MR: 1.69%       FAR: 0.00%      IDA: 1.464 ms
2151-phrase.npy: IDR: 96.30%     MR: 0.82%       FAR: 2.88%      IDA: 1.179 ms
2139-phrase.npy: IDR: 91.04%     MR: 4.25%       FAR: 4.72%      IDA: 1.400 ms
2186-phrase.npy: IDR: 98.71%     MR: 1.29%       FAR: 0.00%      IDA: 0.266 ms
2224-phrase.npy: IDR: 99.40%     MR: 0.60%       FAR: 0.00%      IDA: 0.738 ms
2225-phrase.npy: IDR: 95.56%     MR: 1.48%       FAR: 2.96%      IDA: 0.578 ms
2221-phrase.npy: IDR: 86.92%     MR: 4.67%       FAR: 8.41%      IDA: 2.104 ms
2228-phrase.npy: IDR: 91.14%     MR: 4.43%       FAR: 4.43%      IDA: 1.229 ms
2229-phrase.npy: IDR: 98.18%     MR: 1.82%       FAR: 0.00%      IDA: 0.817 ms
2184-phrase.npy: IDR: 87.18%     MR: 4.27%       FAR: 8.55%      IDA: 2.024 ms
2232-phrase.npy: IDR: 96.80%     MR: 2.28%       FAR: 0.91%      IDA: 1.063 ms
2215-phrase.npy: IDR: 89.29%     MR: 8.93%       FAR: 1.79%      IDA: 2.426 ms
2233-phrase.npy: IDR: 94.07%     MR: 0.00%       FAR: 5.93%      IDA: 0.307 ms
2230-phrase.npy: IDR: 99.32%     MR: 0.68%       FAR: 0.00%      IDA: 0.400 ms
2240-phrase.npy: IDR: 100.00%    MR: 0.00%       FAR: 0.00%      IDA: 0.364 ms
2239-phrase.npy: IDR: 98.67%     MR: 0.00%       FAR: 1.33%      IDA: 0.674 ms
2270-phrase.npy: IDR: 94.67%     MR: 0.00%       FAR: 5.33%      IDA: 0.899 ms
2241-phrase.npy: IDR: 89.73%     MR: 0.00%       FAR: 10.27%     IDA: 0.563 ms
2245-phrase.npy: IDR: 95.00%     MR: 2.27%       FAR: 2.73%      IDA: 1.390 ms
2272-phrase.npy: IDR: 94.18%     MR: 2.65%       FAR: 3.17%      IDA: 1.489 ms
2298-phrase.npy: IDR: 90.00%     MR: 2.67%       FAR: 7.33%      IDA: 1.581 ms
2292-phrase.npy: IDR: 92.78%     MR: 2.06%       FAR: 5.15%      IDA: 1.385 ms
2293-phrase.npy: IDR: 95.29%     MR: 1.96%       FAR: 2.75%      IDA: 1.241 ms
2307-phrase.npy: IDR: 98.40%     MR: 1.07%       FAR: 0.53%      IDA: 1.379 ms
2288-phrase.npy: IDR: 91.95%     MR: 4.03%       FAR: 4.03%      IDA: 1.744 ms
2317-phrase.npy: IDR: 83.93%     MR: 7.14%       FAR: 8.93%      IDA: 1.839 ms
2331-phrase.npy: IDR: 92.31%     MR: 3.85%       FAR: 3.85%      IDA: 1.228 ms
2338-phrase.npy: IDR: 80.21%     MR: 8.33%       FAR: 11.46%     IDA: 2.516 ms
2370-phrase.npy: IDR: 94.97%     MR: 3.14%       FAR: 1.89%      IDA: 1.663 ms
2363-phrase.npy: IDR: 94.24%     MR: 1.44%       FAR: 4.32%      IDA: 1.416 ms
2374-phrase.npy: IDR: 92.61%     MR: 2.96%       FAR: 4.43%      IDA: 1.227 ms
2399-phrase.npy: IDR: 81.82%     MR: 6.82%       FAR: 11.36%     IDA: 1.919 ms
2378-phrase.npy: IDR: 87.74%     MR: 6.60%       FAR: 5.66%      IDA: 1.563 ms
2438-phrase.npy: IDR: 99.19%     MR: 0.81%       FAR: 0.00%      IDA: 0.492 ms
2420-phrase.npy: IDR: 98.95%     MR: 1.05%       FAR: 0.00%      IDA: 0.609 ms
2425-phrase.npy: IDR: 91.23%     MR: 1.75%       FAR: 7.02%      IDA: 1.109 ms
2449-phrase.npy: IDR: 91.76%     MR: 4.71%       FAR: 3.53%      IDA: 1.506 ms
2447-phrase.npy: IDR: 93.87%     MR: 1.84%       FAR: 4.29%      IDA: 1.173 ms
2398-phrase.npy: IDR: 94.67%     MR: 1.78%       FAR: 3.55%      IDA: 1.240 ms
2454-phrase.npy: IDR: 96.36%     MR: 1.82%       FAR: 1.82%      IDA: 0.650 ms
2471-phrase.npy: IDR: 97.60%     MR: 1.60%       FAR: 0.80%      IDA: 0.251 ms
2466-phrase.npy: IDR: 84.51%     MR: 8.45%       FAR: 7.04%      IDA: 2.035 ms
2463-phrase.npy: IDR: 96.77%     MR: 0.40%       FAR: 2.82%      IDA: 0.697 ms
2479-phrase.npy: IDR: 94.42%     MR: 2.33%       FAR: 3.26%      IDA: 0.884 ms
2480-phrase.npy: IDR: 93.89%     MR: 1.67%       FAR: 4.44%      IDA: 0.899 ms
2482-phrase.npy: IDR: 94.54%     MR: 2.10%       FAR: 3.36%      IDA: 1.305 ms
2487-phrase.npy: IDR: 97.35%     MR: 1.06%       FAR: 1.59%      IDA: 1.097 ms
2521-phrase.npy: IDR: 100.00%    MR: 0.00%       FAR: 0.00%      IDA: 0.338 ms
2523-phrase.npy: IDR: 94.74%     MR: 0.75%       FAR: 4.51%      IDA: 0.166 ms
2492-phrase.npy: IDR: 99.32%     MR: 0.68%       FAR: 0.00%      IDA: 0.348 ms
2517-phrase.npy: IDR: 97.73%     MR: 1.89%       FAR: 0.38%      IDA: 0.577 ms
2526-phrase.npy: IDR: 84.71%     MR: 4.46%       FAR: 10.83%     IDA: 1.312 ms
2540-phrase.npy: IDR: 92.69%     MR: 1.37%       FAR: 5.94%      IDA: 1.166 ms
2589-phrase.npy: IDR: 83.67%     MR: 5.10%       FAR: 11.22%     IDA: 2.091 ms
2572-phrase.npy: IDR: 100.00%    MR: 0.00%       FAR: 0.00%      IDA: 2.050 ms
2553-phrase.npy: IDR: 94.03%     MR: 2.99%       FAR: 2.99%      IDA: 0.783 ms
2577-phrase.npy: IDR: 89.92%     MR: 3.10%       FAR: 6.98%      IDA: 1.633 ms
2545-phrase.npy: IDR: 100.00%    MR: 0.00%       FAR: 0.00%      IDA: 0.582 ms
2590-phrase.npy: IDR: 89.80%     MR: 4.08%       FAR: 6.12%      IDA: 1.829 ms
2604-phrase.npy: IDR: 95.00%     MR: 0.00%       FAR: 5.00%      IDA: 1.636 ms
2546-phrase.npy: IDR: 90.91%     MR: 2.10%       FAR: 6.99%      IDA: 1.188 ms
2603-phrase.npy: IDR: 88.42%     MR: 7.37%       FAR: 4.21%      IDA: 1.765 ms
2591-phrase.npy: IDR: 80.53%     MR: 3.54%       FAR: 15.93%     IDA: 2.147 ms

identification_rate:0.9253 miss_rate:0.03047 false_alarm_rate:0.04424 identification_accuracy:0.001315
