877-phrase.npy: IDR: 98.46%      MR: 0.00%       FAR: 1.54%      IDA: 0.204 ms
366-phrase.npy: IDR: 85.56%      MR: 5.56%       FAR: 8.89%      IDA: 2.205 ms
823-phrase.npy: IDR: 82.83%      MR: 8.08%       FAR: 9.09%      IDA: 1.961 ms
885-phrase.npy: IDR: 95.18%      MR: 2.41%       FAR: 2.41%      IDA: 1.013 ms
848-phrase.npy: IDR: 98.80%      MR: 0.00%       FAR: 1.20%      IDA: 0.428 ms
911-phrase.npy: IDR: 96.38%      MR: 2.90%       FAR: 0.72%      IDA: 0.474 ms
741-phrase.npy: IDR: 93.41%      MR: 2.20%       FAR: 4.40%      IDA: 2.084 ms
151-phrase.npy: IDR: 80.00%      MR: 5.45%       FAR: 14.55%     IDA: 2.134 ms
917-phrase.npy: IDR: 94.59%      MR: 3.60%       FAR: 1.80%      IDA: 1.630 ms
1053-phrase.npy: IDR: 99.30%     MR: 0.70%       FAR: 0.00%      IDA: 0.148 ms
1058-phrase.npy: IDR: 100.00%    MR: 0.00%       FAR: 0.00%      IDA: 0.204 ms
1042-phrase.npy: IDR: 100.00%    MR: 0.00%       FAR: 0.00%      IDA: 0.146 ms
1051-phrase.npy: IDR: 97.37%     MR: 1.58%       FAR: 1.05%      IDA: 0.736 ms
1225-phrase.npy: IDR: 94.83%     MR: 5.17%       FAR: 0.00%      IDA: 0.846 ms
1198-phrase.npy: IDR: 96.59%     MR: 1.70%       FAR: 1.70%      IDA: 1.044 ms
1230-phrase.npy: IDR: 99.19%     MR: 0.00%       FAR: 0.81%      IDA: 0.336 ms
1322-phrase.npy: IDR: 74.47%     MR: 17.02%      FAR: 8.51%      IDA: 2.457 ms
1319-phrase.npy: IDR: 94.37%     MR: 2.11%       FAR: 3.52%      IDA: 1.527 ms
1306-phrase.npy: IDR: 96.70%     MR: 2.20%       FAR: 1.10%      IDA: 1.098 ms
1258-phrase.npy: IDR: 98.81%     MR: 1.19%       FAR: 0.00%      IDA: 0.434 ms
1266-phrase.npy: IDR: 75.20%     MR: 10.40%      FAR: 14.40%     IDA: 1.994 ms
1329-phrase.npy: IDR: 91.67%     MR: 0.60%       FAR: 7.74%      IDA: 1.077 ms
1340-phrase.npy: IDR: 86.49%     MR: 9.91%       FAR: 3.60%      IDA: 2.109 ms
1384-phrase.npy: IDR: 88.06%     MR: 10.45%      FAR: 1.49%      IDA: 3.033 ms
1335-phrase.npy: IDR: 95.89%     MR: 1.37%       FAR: 2.74%      IDA: 1.148 ms
1337-phrase.npy: IDR: 83.33%     MR: 5.17%       FAR: 11.49%     IDA: 1.698 ms
1421-phrase.npy: IDR: 91.30%     MR: 4.35%       FAR: 4.35%      IDA: 1.323 ms
1400-phrase.npy: IDR: 91.94%     MR: 4.03%       FAR: 4.03%      IDA: 2.027 ms
1408-phrase.npy: IDR: 87.02%     MR: 6.25%       FAR: 6.73%      IDA: 1.789 ms
1459-phrase.npy: IDR: 87.67%     MR: 4.79%       FAR: 7.53%      IDA: 1.455 ms
1425-phrase.npy: IDR: 97.76%     MR: 2.24%       FAR: 0.00%      IDA: 0.668 ms
1479-phrase.npy: IDR: 92.27%     MR: 4.64%       FAR: 3.09%      IDA: 1.536 ms
1477-phrase.npy: IDR: 98.86%     MR: 0.00%       FAR: 1.14%      IDA: 0.835 ms
1432-phrase.npy: IDR: 95.07%     MR: 2.11%       FAR: 2.82%      IDA: 1.181 ms
1566-phrase.npy: IDR: 93.99%     MR: 2.19%       FAR: 3.83%      IDA: 1.446 ms
1568-phrase.npy: IDR: 96.27%     MR: 3.73%       FAR: 0.00%      IDA: 0.841 ms
1593-phrase.npy: IDR: 85.28%     MR: 5.52%       FAR: 9.20%      IDA: 1.517 ms
1661-phrase.npy: IDR: 98.56%     MR: 0.48%       FAR: 0.96%      IDA: 0.842 ms
1663-phrase.npy: IDR: 96.55%     MR: 0.00%       FAR: 3.45%      IDA: 0.207 ms
1673-phrase.npy: IDR: 94.44%     MR: 1.59%       FAR: 3.97%      IDA: 1.246 ms
1675-phrase.npy: IDR: 78.52%     MR: 11.41%      FAR: 10.07%     IDA: 2.298 ms
1690-phrase.npy: IDR: 95.75%     MR: 2.32%       FAR: 1.93%      IDA: 1.142 ms
1744-phrase.npy: IDR: 81.93%     MR: 4.82%       FAR: 13.25%     IDA: 1.929 ms
1767-phrase.npy: IDR: 96.89%     MR: 1.04%       FAR: 2.07%      IDA: 1.046 ms
1787-phrase.npy: IDR: 92.83%     MR: 1.99%       FAR: 5.18%      IDA: 1.698 ms
1868-phrase.npy: IDR: 91.84%     MR: 0.00%       FAR: 8.16%      IDA: 1.072 ms
1891-phrase.npy: IDR: 93.98%     MR: 1.50%       FAR: 4.51%      IDA: 1.595 ms
1900-phrase.npy: IDR: 97.87%     MR: 1.42%       FAR: 0.71%      IDA: 0.869 ms
1904-phrase.npy: IDR: 72.58%     MR: 11.29%      FAR: 16.13%     IDA: 1.323 ms
1910-phrase.npy: IDR: 83.33%     MR: 9.09%       FAR: 7.58%      IDA: 1.979 ms
1928-phrase.npy: IDR: 79.61%     MR: 8.74%       FAR: 11.65%     IDA: 2.020 ms
1931-phrase.npy: IDR: 96.99%     MR: 1.20%       FAR: 1.81%      IDA: 0.690 ms
1951-phrase.npy: IDR: 97.10%     MR: 1.45%       FAR: 1.45%      IDA: 1.287 ms
1959-phrase.npy: IDR: 97.76%     MR: 0.75%       FAR: 1.49%      IDA: 0.735 ms
1958-phrase.npy: IDR: 95.16%     MR: 1.08%       FAR: 3.76%      IDA: 1.512 ms
1964-phrase.npy: IDR: 92.77%     MR: 2.41%       FAR: 4.82%      IDA: 1.467 ms
1989-phrase.npy: IDR: 92.47%     MR: 4.79%       FAR: 2.74%      IDA: 1.936 ms
2074-phrase.npy: IDR: 91.04%     MR: 2.99%       FAR: 5.97%      IDA: 1.708 ms
1988-phrase.npy: IDR: 86.11%     MR: 2.78%       FAR: 11.11%     IDA: 1.825 ms
2085-phrase.npy: IDR: 92.21%     MR: 1.30%       FAR: 6.49%      IDA: 2.099 ms
2025-phrase.npy: IDR: 90.86%     MR: 3.05%       FAR: 6.09%      IDA: 2.135 ms
2104-phrase.npy: IDR: 90.11%     MR: 4.40%       FAR: 5.49%      IDA: 2.013 ms
2107-phrase.npy: IDR: 92.06%     MR: 3.17%       FAR: 4.76%      IDA: 1.504 ms
2213-phrase.npy: IDR: 80.77%     MR: 9.62%       FAR: 9.62%      IDA: 1.802 ms
2134-phrase.npy: IDR: 90.48%     MR: 3.40%       FAR: 6.12%      IDA: 1.586 ms
2275-phrase.npy: IDR: 88.00%     MR: 12.00%      FAR: 0.00%      IDA: 0.310 ms
2246-phrase.npy: IDR: 77.78%     MR: 11.11%      FAR: 11.11%     IDA: 2.462 ms
2123-phrase.npy: IDR: 92.00%     MR: 3.20%       FAR: 4.80%      IDA: 1.602 ms
2112-phrase.npy: IDR: 86.84%     MR: 5.26%       FAR: 7.89%      IDA: 2.018 ms
2310-phrase.npy: IDR: 96.95%     MR: 2.03%       FAR: 1.02%      IDA: 1.021 ms
2302-phrase.npy: IDR: 80.77%     MR: 8.97%       FAR: 10.26%     IDA: 1.790 ms
2312-phrase.npy: IDR: 90.85%     MR: 2.82%       FAR: 6.34%      IDA: 1.709 ms
2317-phrase.npy: IDR: 83.93%     MR: 7.14%       FAR: 8.93%      IDA: 1.839 ms
2336-phrase.npy: IDR: 98.92%     MR: 0.54%       FAR: 0.54%      IDA: 0.243 ms
2339-phrase.npy: IDR: 97.77%     MR: 1.12%       FAR: 1.12%      IDA: 0.827 ms
2337-phrase.npy: IDR: 76.92%     MR: 11.54%      FAR: 11.54%     IDA: 2.320 ms
2372-phrase.npy: IDR: 87.34%     MR: 5.06%       FAR: 7.59%      IDA: 1.584 ms
2316-phrase.npy: IDR: 96.02%     MR: 1.77%       FAR: 2.21%      IDA: 0.695 ms
2431-phrase.npy: IDR: 90.71%     MR: 5.46%       FAR: 3.83%      IDA: 2.249 ms
2433-phrase.npy: IDR: 90.40%     MR: 3.95%       FAR: 5.65%      IDA: 1.652 ms
2441-phrase.npy: IDR: 95.04%     MR: 1.77%       FAR: 3.19%      IDA: 1.142 ms
2520-phrase.npy: IDR: 98.41%     MR: 0.00%       FAR: 1.59%      IDA: 0.550 ms
2526-phrase.npy: IDR: 84.71%     MR: 4.46%       FAR: 10.83%     IDA: 1.312 ms
2452-phrase.npy: IDR: 96.97%     MR: 1.01%       FAR: 2.02%      IDA: 1.238 ms
2517-phrase.npy: IDR: 97.73%     MR: 1.89%       FAR: 0.38%      IDA: 0.577 ms
2489-phrase.npy: IDR: 99.59%     MR: 0.41%       FAR: 0.00%      IDA: 0.761 ms
2534-phrase.npy: IDR: 87.07%     MR: 4.08%       FAR: 8.84%      IDA: 2.283 ms
2533-phrase.npy: IDR: 88.89%     MR: 3.38%       FAR: 7.73%      IDA: 1.728 ms
2528-phrase.npy: IDR: 92.38%     MR: 3.31%       FAR: 4.30%      IDA: 1.426 ms
2535-phrase.npy: IDR: 94.87%     MR: 1.92%       FAR: 3.21%      IDA: 1.322 ms
2577-phrase.npy: IDR: 89.92%     MR: 3.10%       FAR: 6.98%      IDA: 1.633 ms

identification_rate:0.9139 miss_rate:0.03791 false_alarm_rate:0.04821 identification_accuracy:0.00137
