495-phrase.npy: IDR: 98.11%      MR: 1.89%       FAR: 0.00%      IDA: 0.526 ms
630-phrase.npy: IDR: 99.03%      MR: 0.48%       FAR: 0.48%      IDA: 0.749 ms
720-phrase.npy: IDR: 86.84%      MR: 5.26%       FAR: 7.89%      IDA: 1.441 ms
821-phrase.npy: IDR: 95.22%      MR: 3.04%       FAR: 1.74%      IDA: 0.986 ms
627-phrase.npy: IDR: 94.55%      MR: 1.98%       FAR: 3.47%      IDA: 1.312 ms
632-phrase.npy: IDR: 96.77%      MR: 1.08%       FAR: 2.15%      IDA: 1.034 ms
564-phrase.npy: IDR: 96.60%      MR: 2.04%       FAR: 1.36%      IDA: 1.489 ms
886-phrase.npy: IDR: 91.88%      MR: 4.38%       FAR: 3.75%      IDA: 0.583 ms
901-phrase.npy: IDR: 53.33%      MR: 33.33%      FAR: 13.33%     IDA: 2.034 ms
1045-phrase.npy: IDR: 96.84%     MR: 1.58%       FAR: 1.58%      IDA: 0.534 ms
1206-phrase.npy: IDR: 95.34%     MR: 1.55%       FAR: 3.11%      IDA: 0.651 ms
1046-phrase.npy: IDR: 89.53%     MR: 4.71%       FAR: 5.76%      IDA: 0.968 ms
1056-phrase.npy: IDR: 100.00%    MR: 0.00%       FAR: 0.00%      IDA: 0.267 ms
1090-phrase.npy: IDR: 94.71%     MR: 3.37%       FAR: 1.92%      IDA: 1.299 ms
1221-phrase.npy: IDR: 92.31%     MR: 2.56%       FAR: 5.13%      IDA: 1.392 ms
889-phrase.npy: IDR: 92.93%      MR: 4.55%       FAR: 2.53%      IDA: 1.518 ms
1229-phrase.npy: IDR: 98.25%     MR: 0.88%       FAR: 0.88%      IDA: 1.544 ms
1382-phrase.npy: IDR: 82.88%     MR: 9.91%       FAR: 7.21%      IDA: 2.833 ms
1436-phrase.npy: IDR: 98.86%     MR: 0.57%       FAR: 0.57%      IDA: 0.571 ms
1453-phrase.npy: IDR: 95.37%     MR: 1.85%       FAR: 2.78%      IDA: 1.239 ms
1253-phrase.npy: IDR: 86.43%     MR: 2.86%       FAR: 10.71%     IDA: 0.918 ms
1274-phrase.npy: IDR: 99.22%     MR: 0.78%       FAR: 0.00%      IDA: 0.917 ms
1462-phrase.npy: IDR: 93.51%     MR: 3.03%       FAR: 3.46%      IDA: 0.872 ms
1563-phrase.npy: IDR: 90.00%     MR: 3.68%       FAR: 6.32%      IDA: 1.456 ms
1572-phrase.npy: IDR: 95.90%     MR: 1.64%       FAR: 2.46%      IDA: 1.104 ms
1447-phrase.npy: IDR: 99.20%     MR: 0.00%       FAR: 0.80%      IDA: 0.707 ms
1500-phrase.npy: IDR: 74.88%     MR: 13.49%      FAR: 11.63%     IDA: 1.525 ms
1656-phrase.npy: IDR: 91.16%     MR: 2.04%       FAR: 6.80%      IDA: 1.536 ms
1717-phrase.npy: IDR: 97.47%     MR: 1.01%       FAR: 1.52%      IDA: 0.653 ms
1721-phrase.npy: IDR: 96.84%     MR: 1.05%       FAR: 2.11%      IDA: 1.143 ms
1667-phrase.npy: IDR: 93.38%     MR: 2.94%       FAR: 3.68%      IDA: 0.970 ms
1828-phrase.npy: IDR: 78.95%     MR: 9.02%       FAR: 12.03%     IDA: 2.556 ms
1610-phrase.npy: IDR: 87.72%     MR: 4.68%       FAR: 7.60%      IDA: 1.799 ms
1811-phrase.npy: IDR: 87.61%     MR: 8.85%       FAR: 3.54%      IDA: 1.623 ms
1778-phrase.npy: IDR: 91.25%     MR: 5.00%       FAR: 3.75%      IDA: 1.157 ms
1941-phrase.npy: IDR: 95.52%     MR: 2.99%       FAR: 1.49%      IDA: 1.091 ms
1889-phrase.npy: IDR: 92.42%     MR: 3.03%       FAR: 4.55%      IDA: 1.291 ms
1890-phrase.npy: IDR: 100.00%    MR: 0.00%       FAR: 0.00%      IDA: 0.321 ms
1946-phrase.npy: IDR: 91.98%     MR: 1.42%       FAR: 6.60%      IDA: 1.494 ms
2098-phrase.npy: IDR: 81.93%     MR: 2.41%       FAR: 15.66%     IDA: 1.882 ms
2110-phrase.npy: IDR: 94.66%     MR: 1.46%       FAR: 3.88%      IDA: 1.374 ms
2089-phrase.npy: IDR: 94.39%     MR: 0.93%       FAR: 4.67%      IDA: 0.996 ms
2118-phrase.npy: IDR: 98.67%     MR: 0.67%       FAR: 0.67%      IDA: 0.377 ms
1963-phrase.npy: IDR: 99.12%     MR: 0.88%       FAR: 0.00%      IDA: 0.524 ms
2031-phrase.npy: IDR: 98.01%     MR: 0.00%       FAR: 1.99%      IDA: 0.632 ms
2161-phrase.npy: IDR: 94.84%     MR: 5.16%       FAR: 0.00%      IDA: 0.761 ms
2211-phrase.npy: IDR: 98.32%     MR: 0.84%       FAR: 0.84%      IDA: 1.467 ms
2188-phrase.npy: IDR: 92.31%     MR: 3.85%       FAR: 3.85%      IDA: 0.843 ms
2305-phrase.npy: IDR: 99.47%     MR: 0.53%       FAR: 0.00%      IDA: 0.684 ms
2112-phrase.npy: IDR: 86.84%     MR: 5.26%       FAR: 7.89%      IDA: 2.018 ms
2193-phrase.npy: IDR: 97.66%     MR: 1.17%       FAR: 1.17%      IDA: 0.858 ms
2271-phrase.npy: IDR: 12.50%     MR: 62.50%      FAR: 25.00%     IDA: 0.000 ms
2345-phrase.npy: IDR: 94.14%     MR: 3.52%       FAR: 2.34%      IDA: 0.984 ms
2333-phrase.npy: IDR: 97.33%     MR: 1.33%       FAR: 1.33%      IDA: 1.067 ms
2381-phrase.npy: IDR: 84.00%     MR: 2.00%       FAR: 14.00%     IDA: 0.379 ms
2344-phrase.npy: IDR: 100.00%    MR: 0.00%       FAR: 0.00%      IDA: 0.811 ms
2375-phrase.npy: IDR: 95.45%     MR: 3.18%       FAR: 1.36%      IDA: 1.027 ms
2426-phrase.npy: IDR: 100.00%    MR: 0.00%       FAR: 0.00%      IDA: 0.652 ms
2358-phrase.npy: IDR: 85.32%     MR: 4.59%       FAR: 10.09%     IDA: 1.624 ms
2449-phrase.npy: IDR: 91.76%     MR: 4.71%       FAR: 3.53%      IDA: 1.506 ms
2588-phrase.npy: IDR: 100.00%    MR: 0.00%       FAR: 0.00%      IDA: 0.341 ms
2491-phrase.npy: IDR: 90.79%     MR: 3.95%       FAR: 5.26%      IDA: 1.370 ms
2518-phrase.npy: IDR: 98.28%     MR: 1.15%       FAR: 0.57%      IDA: 0.864 ms
2411-phrase.npy: IDR: 87.50%     MR: 4.78%       FAR: 7.72%      IDA: 1.733 ms
2591-phrase.npy: IDR: 80.53%     MR: 3.54%       FAR: 15.93%     IDA: 2.147 ms
2594-phrase.npy: IDR: 99.16%     MR: 0.42%       FAR: 0.42%      IDA: 0.368 ms
2573-phrase.npy: IDR: 98.67%     MR: 0.88%       FAR: 0.44%      IDA: 0.415 ms
2595-phrase.npy: IDR: 84.62%     MR: 4.62%       FAR: 10.77%     IDA: 2.330 ms

identification_rate:0.916 miss_rate:0.04071 false_alarm_rate:0.04325 identification_accuracy:0.00112
