arctic_a0005.npy: IDR: 97.44%    MR: 1.28%       FAR: 1.28%      IDA: 0.848 ms
arctic_a0008.npy: IDR: 99.10%    MR: 0.90%       FAR: 0.00%      IDA: 0.924 ms
arctic_a0004.npy: IDR: 99.22%    MR: 0.78%       FAR: 0.00%      IDA: 0.876 ms
arctic_a0007.npy: IDR: 93.68%    MR: 5.17%       FAR: 1.15%      IDA: 0.816 ms
arctic_a0009.npy: IDR: 96.58%    MR: 2.56%       FAR: 0.85%      IDA: 0.618 ms
arctic_a0003.npy: IDR: 96.93%    MR: 3.07%       FAR: 0.00%      IDA: 0.828 ms
arctic_a0002.npy: IDR: 93.55%    MR: 6.45%       FAR: 0.00%      IDA: 0.719 ms
arctic_a0001.npy: IDR: 94.29%    MR: 3.57%       FAR: 2.14%      IDA: 0.969 ms
arctic_a0006.npy: IDR: 92.49%    MR: 4.62%       FAR: 2.89%      IDA: 0.606 ms
arctic_a0015.npy: IDR: 97.35%    MR: 1.77%       FAR: 0.88%      IDA: 0.517 ms
arctic_a0010.npy: IDR: 94.62%    MR: 4.84%       FAR: 0.54%      IDA: 0.699 ms
arctic_a0012.npy: IDR: 96.90%    MR: 3.10%       FAR: 0.00%      IDA: 0.579 ms
arctic_a0018.npy: IDR: 94.94%    MR: 2.53%       FAR: 2.53%      IDA: 0.924 ms
arctic_a0011.npy: IDR: 95.00%    MR: 5.00%       FAR: 0.00%      IDA: 0.746 ms
arctic_a0014.npy: IDR: 97.52%    MR: 1.24%       FAR: 1.24%      IDA: 0.907 ms
arctic_a0021.npy: IDR: 94.64%    MR: 5.36%       FAR: 0.00%      IDA: 0.694 ms
arctic_a0013.npy: IDR: 91.43%    MR: 8.10%       FAR: 0.48%      IDA: 0.633 ms
arctic_a0016.npy: IDR: 98.05%    MR: 1.95%       FAR: 0.00%      IDA: 0.730 ms
arctic_a0020.npy: IDR: 96.11%    MR: 3.33%       FAR: 0.56%      IDA: 0.630 ms
arctic_a0019.npy: IDR: 94.12%    MR: 5.35%       FAR: 0.53%      IDA: 0.529 ms
arctic_a0017.npy: IDR: 95.90%    MR: 4.10%       FAR: 0.00%      IDA: 0.678 ms
arctic_a0026.npy: IDR: 98.31%    MR: 1.69%       FAR: 0.00%      IDA: 0.802 ms
arctic_a0022.npy: IDR: 93.89%    MR: 4.37%       FAR: 1.75%      IDA: 0.882 ms
arctic_a0025.npy: IDR: 94.41%    MR: 4.97%       FAR: 0.62%      IDA: 0.852 ms
arctic_a0030.npy: IDR: 96.30%    MR: 3.70%       FAR: 0.00%      IDA: 0.649 ms
arctic_a0024.npy: IDR: 96.49%    MR: 3.51%       FAR: 0.00%      IDA: 0.740 ms
arctic_a0028.npy: IDR: 93.07%    MR: 6.93%       FAR: 0.00%      IDA: 0.708 ms
arctic_a0031.npy: IDR: 97.30%    MR: 2.70%       FAR: 0.00%      IDA: 0.736 ms
arctic_a0023.npy: IDR: 87.22%    MR: 12.33%      FAR: 0.44%      IDA: 0.656 ms
arctic_a0029.npy: IDR: 98.30%    MR: 1.14%       FAR: 0.57%      IDA: 0.572 ms
arctic_a0027.npy: IDR: 96.83%    MR: 2.65%       FAR: 0.53%      IDA: 0.755 ms
arctic_a0036.npy: IDR: 97.80%    MR: 1.10%       FAR: 1.10%      IDA: 0.735 ms
arctic_a0038.npy: IDR: 100.00%   MR: 0.00%       FAR: 0.00%      IDA: 0.509 ms
arctic_a0037.npy: IDR: 98.58%    MR: 0.71%       FAR: 0.71%      IDA: 0.491 ms
arctic_a0040.npy: IDR: 95.39%    MR: 4.61%       FAR: 0.00%      IDA: 0.670 ms
arctic_a0034.npy: IDR: 98.30%    MR: 1.14%       FAR: 0.57%      IDA: 0.716 ms
arctic_a0032.npy: IDR: 92.31%    MR: 7.69%       FAR: 0.00%      IDA: 0.829 ms
arctic_a0033.npy: IDR: 87.61%    MR: 10.62%      FAR: 1.77%      IDA: 0.788 ms
arctic_a0041.npy: IDR: 99.10%    MR: 0.90%       FAR: 0.00%      IDA: 0.868 ms
arctic_a0039.npy: IDR: 95.45%    MR: 4.55%       FAR: 0.00%      IDA: 0.740 ms
arctic_a0035.npy: IDR: 93.01%    MR: 6.45%       FAR: 0.54%      IDA: 0.765 ms
arctic_a0042.npy: IDR: 97.83%    MR: 2.17%       FAR: 0.00%      IDA: 0.749 ms
arctic_a0045.npy: IDR: 95.07%    MR: 4.93%       FAR: 0.00%      IDA: 0.646 ms
arctic_a0046.npy: IDR: 96.75%    MR: 2.60%       FAR: 0.65%      IDA: 0.704 ms
arctic_a0044.npy: IDR: 96.09%    MR: 3.91%       FAR: 0.00%      IDA: 0.675 ms
arctic_a0049.npy: IDR: 94.00%    MR: 6.00%       FAR: 0.00%      IDA: 0.800 ms
arctic_a0048.npy: IDR: 94.25%    MR: 5.75%       FAR: 0.00%      IDA: 0.511 ms
arctic_a0043.npy: IDR: 97.13%    MR: 2.87%       FAR: 0.00%      IDA: 0.606 ms
arctic_a0052.npy: IDR: 98.72%    MR: 1.28%       FAR: 0.00%      IDA: 0.605 ms
arctic_a0047.npy: IDR: 95.00%    MR: 4.38%       FAR: 0.62%      IDA: 0.651 ms
arctic_a0054.npy: IDR: 98.88%    MR: 0.00%       FAR: 1.12%      IDA: 0.814 ms
arctic_a0057.npy: IDR: 99.02%    MR: 0.98%       FAR: 0.00%      IDA: 0.793 ms
arctic_a0050.npy: IDR: 92.44%    MR: 6.98%       FAR: 0.58%      IDA: 0.749 ms
arctic_a0056.npy: IDR: 98.18%    MR: 1.82%       FAR: 0.00%      IDA: 0.677 ms
arctic_a0053.npy: IDR: 97.12%    MR: 2.88%       FAR: 0.00%      IDA: 0.687 ms
arctic_a0059.npy: IDR: 96.33%    MR: 2.75%       FAR: 0.92%      IDA: 0.690 ms
arctic_a0062.npy: IDR: 97.35%    MR: 2.65%       FAR: 0.00%      IDA: 0.702 ms
arctic_a0060.npy: IDR: 100.00%   MR: 0.00%       FAR: 0.00%      IDA: 0.840 ms
arctic_a0051.npy: IDR: 91.67%    MR: 7.29%       FAR: 1.04%      IDA: 0.618 ms
arctic_a0058.npy: IDR: 98.01%    MR: 1.99%       FAR: 0.00%      IDA: 0.690 ms
arctic_a0063.npy: IDR: 98.23%    MR: 0.00%       FAR: 1.77%      IDA: 0.744 ms
arctic_a0061.npy: IDR: 96.83%    MR: 3.17%       FAR: 0.00%      IDA: 0.712 ms
arctic_a0064.npy: IDR: 94.03%    MR: 5.22%       FAR: 0.75%      IDA: 0.464 ms
arctic_a0055.npy: IDR: 94.05%    MR: 4.76%       FAR: 1.19%      IDA: 0.548 ms
arctic_a0066.npy: IDR: 96.88%    MR: 3.12%       FAR: 0.00%      IDA: 0.667 ms
arctic_a0067.npy: IDR: 95.52%    MR: 4.48%       FAR: 0.00%      IDA: 0.612 ms
arctic_a0065.npy: IDR: 93.46%    MR: 6.54%       FAR: 0.00%      IDA: 0.645 ms
arctic_a0072.npy: IDR: 94.83%    MR: 5.17%       FAR: 0.00%      IDA: 0.854 ms
arctic_a0068.npy: IDR: 97.94%    MR: 1.03%       FAR: 1.03%      IDA: 0.441 ms
arctic_a0071.npy: IDR: 96.04%    MR: 1.98%       FAR: 1.98%      IDA: 0.645 ms
arctic_a0070.npy: IDR: 95.68%    MR: 3.60%       FAR: 0.72%      IDA: 0.732 ms
arctic_a0069.npy: IDR: 97.83%    MR: 2.17%       FAR: 0.00%      IDA: 0.591 ms
arctic_a0075.npy: IDR: 98.25%    MR: 1.75%       FAR: 0.00%      IDA: 0.700 ms
arctic_a0074.npy: IDR: 97.80%    MR: 2.20%       FAR: 0.00%      IDA: 0.809 ms
arctic_a0077.npy: IDR: 91.49%    MR: 6.38%       FAR: 2.13%      IDA: 0.750 ms
arctic_a0079.npy: IDR: 94.94%    MR: 5.06%       FAR: 0.00%      IDA: 0.658 ms
arctic_a0076.npy: IDR: 94.51%    MR: 4.40%       FAR: 1.10%      IDA: 0.691 ms
arctic_a0080.npy: IDR: 97.10%    MR: 2.90%       FAR: 0.00%      IDA: 0.781 ms
arctic_a0073.npy: IDR: 93.82%    MR: 6.18%       FAR: 0.00%      IDA: 0.833 ms
arctic_a0081.npy: IDR: 95.10%    MR: 4.90%       FAR: 0.00%      IDA: 0.793 ms
arctic_a0082.npy: IDR: 97.67%    MR: 1.16%       FAR: 1.16%      IDA: 0.847 ms
arctic_a0083.npy: IDR: 95.59%    MR: 3.68%       FAR: 0.74%      IDA: 0.767 ms
arctic_a0085.npy: IDR: 98.25%    MR: 1.75%       FAR: 0.00%      IDA: 0.592 ms
arctic_a0086.npy: IDR: 94.90%    MR: 5.10%       FAR: 0.00%      IDA: 0.914 ms
arctic_a0078.npy: IDR: 97.30%    MR: 1.80%       FAR: 0.90%      IDA: 0.763 ms
arctic_a0089.npy: IDR: 91.67%    MR: 7.14%       FAR: 1.19%      IDA: 0.724 ms
arctic_a0090.npy: IDR: 96.67%    MR: 3.33%       FAR: 0.00%      IDA: 0.697 ms
arctic_a0091.npy: IDR: 96.52%    MR: 3.48%       FAR: 0.00%      IDA: 0.875 ms
arctic_a0087.npy: IDR: 91.84%    MR: 6.80%       FAR: 1.36%      IDA: 0.617 ms
arctic_a0093.npy: IDR: 97.32%    MR: 0.00%       FAR: 2.68%      IDA: 0.695 ms
arctic_a0084.npy: IDR: 95.26%    MR: 4.27%       FAR: 0.47%      IDA: 0.770 ms
arctic_a0098.npy: IDR: 100.00%   MR: 0.00%       FAR: 0.00%      IDA: 0.983 ms
arctic_a0088.npy: IDR: 95.36%    MR: 3.80%       FAR: 0.84%      IDA: 0.693 ms
arctic_a0094.npy: IDR: 96.86%    MR: 3.14%       FAR: 0.00%      IDA: 0.701 ms
arctic_a0092.npy: IDR: 94.82%    MR: 4.15%       FAR: 1.04%      IDA: 0.641 ms
arctic_a0100.npy: IDR: 98.53%    MR: 1.47%       FAR: 0.00%      IDA: 0.644 ms
arctic_a0102.npy: IDR: 96.47%    MR: 2.35%       FAR: 1.18%      IDA: 0.699 ms
arctic_a0099.npy: IDR: 98.76%    MR: 0.00%       FAR: 1.24%      IDA: 0.741 ms
arctic_a0095.npy: IDR: 94.81%    MR: 5.19%       FAR: 0.00%      IDA: 0.815 ms
arctic_a0096.npy: IDR: 96.34%    MR: 3.14%       FAR: 0.52%      IDA: 0.611 ms
arctic_a0101.npy: IDR: 97.46%    MR: 1.69%       FAR: 0.85%      IDA: 0.759 ms
arctic_a0097.npy: IDR: 96.85%    MR: 2.76%       FAR: 0.39%      IDA: 0.739 ms
arctic_a0103.npy: IDR: 98.57%    MR: 1.43%       FAR: 0.00%      IDA: 0.809 ms
arctic_a0107.npy: IDR: 97.37%    MR: 0.00%       FAR: 2.63%      IDA: 0.676 ms
arctic_a0112.npy: IDR: 100.00%   MR: 0.00%       FAR: 0.00%      IDA: 0.860 ms
arctic_a0109.npy: IDR: 97.35%    MR: 0.66%       FAR: 1.99%      IDA: 0.750 ms
arctic_a0110.npy: IDR: 96.15%    MR: 2.56%       FAR: 1.28%      IDA: 0.600 ms
arctic_a0104.npy: IDR: 88.67%    MR: 10.00%      FAR: 1.33%      IDA: 0.862 ms
arctic_a0113.npy: IDR: 95.60%    MR: 3.14%       FAR: 1.26%      IDA: 0.730 ms
arctic_a0106.npy: IDR: 95.88%    MR: 2.94%       FAR: 1.18%      IDA: 0.816 ms
arctic_a0105.npy: IDR: 94.24%    MR: 5.24%       FAR: 0.52%      IDA: 0.727 ms
arctic_a0114.npy: IDR: 96.40%    MR: 2.70%       FAR: 0.90%      IDA: 0.684 ms
arctic_a0111.npy: IDR: 94.19%    MR: 4.65%       FAR: 1.16%      IDA: 0.690 ms
arctic_a0119.npy: IDR: 95.12%    MR: 4.07%       FAR: 0.81%      IDA: 0.836 ms
arctic_a0118.npy: IDR: 96.35%    MR: 2.19%       FAR: 1.46%      IDA: 0.738 ms
arctic_a0115.npy: IDR: 98.82%    MR: 1.18%       FAR: 0.00%      IDA: 0.866 ms
arctic_a0117.npy: IDR: 92.47%    MR: 6.16%       FAR: 1.37%      IDA: 0.693 ms
arctic_a0116.npy: IDR: 97.40%    MR: 2.16%       FAR: 0.43%      IDA: 0.762 ms
arctic_a0120.npy: IDR: 94.37%    MR: 5.63%       FAR: 0.00%      IDA: 0.547 ms
arctic_a0121.npy: IDR: 96.03%    MR: 3.17%       FAR: 0.79%      IDA: 0.644 ms
arctic_a0123.npy: IDR: 97.67%    MR: 2.33%       FAR: 0.00%      IDA: 0.612 ms
arctic_a0126.npy: IDR: 95.76%    MR: 3.39%       FAR: 0.85%      IDA: 0.699 ms
arctic_a0122.npy: IDR: 92.67%    MR: 6.00%       FAR: 1.33%      IDA: 0.710 ms
arctic_a0124.npy: IDR: 97.65%    MR: 2.35%       FAR: 0.00%      IDA: 0.627 ms
arctic_a0129.npy: IDR: 98.41%    MR: 1.59%       FAR: 0.00%      IDA: 0.848 ms
arctic_a0127.npy: IDR: 93.41%    MR: 6.59%       FAR: 0.00%      IDA: 0.844 ms
arctic_a0131.npy: IDR: 96.43%    MR: 1.43%       FAR: 2.14%      IDA: 0.703 ms
arctic_a0128.npy: IDR: 96.95%    MR: 2.29%       FAR: 0.76%      IDA: 0.687 ms
arctic_a0134.npy: IDR: 98.98%    MR: 1.02%       FAR: 0.00%      IDA: 0.681 ms
arctic_a0132.npy: IDR: 95.88%    MR: 3.09%       FAR: 1.03%      IDA: 0.586 ms
arctic_a0125.npy: IDR: 98.62%    MR: 0.92%       FAR: 0.46%      IDA: 0.727 ms
arctic_a0135.npy: IDR: 98.38%    MR: 1.08%       FAR: 0.54%      IDA: 0.713 ms
arctic_a0137.npy: IDR: 93.08%    MR: 4.62%       FAR: 2.31%      IDA: 0.691 ms
arctic_a0140.npy: IDR: 98.94%    MR: 1.06%       FAR: 0.00%      IDA: 0.514 ms
arctic_a0133.npy: IDR: 96.41%    MR: 2.99%       FAR: 0.60%      IDA: 0.694 ms
arctic_a0141.npy: IDR: 95.95%    MR: 4.05%       FAR: 0.00%      IDA: 0.577 ms
arctic_a0138.npy: IDR: 97.04%    MR: 2.96%       FAR: 0.00%      IDA: 0.641 ms
arctic_a0143.npy: IDR: 96.74%    MR: 1.09%       FAR: 2.17%      IDA: 0.722 ms
arctic_a0136.npy: IDR: 96.65%    MR: 2.39%       FAR: 0.96%      IDA: 0.802 ms
arctic_a0142.npy: IDR: 97.98%    MR: 2.02%       FAR: 0.00%      IDA: 0.728 ms
arctic_a0139.npy: IDR: 91.33%    MR: 8.67%       FAR: 0.00%      IDA: 0.657 ms
arctic_a0150.npy: IDR: 96.34%    MR: 3.66%       FAR: 0.00%      IDA: 0.906 ms
arctic_a0148.npy: IDR: 97.35%    MR: 1.77%       FAR: 0.88%      IDA: 0.673 ms
arctic_a0144.npy: IDR: 93.41%    MR: 5.99%       FAR: 0.60%      IDA: 0.505 ms
arctic_a0145.npy: IDR: 97.20%    MR: 2.80%       FAR: 0.00%      IDA: 0.767 ms
arctic_a0146.npy: IDR: 93.50%    MR: 4.88%       FAR: 1.63%      IDA: 0.703 ms
arctic_a0155.npy: IDR: 97.53%    MR: 2.47%       FAR: 0.00%      IDA: 0.416 ms
arctic_a0152.npy: IDR: 93.83%    MR: 6.17%       FAR: 0.00%      IDA: 0.791 ms
arctic_a0158.npy: IDR: 97.14%    MR: 2.86%       FAR: 0.00%      IDA: 0.550 ms
arctic_a0149.npy: IDR: 92.19%    MR: 7.81%       FAR: 0.00%      IDA: 0.694 ms
arctic_a0147.npy: IDR: 91.96%    MR: 7.14%       FAR: 0.89%      IDA: 0.688 ms
arctic_a0154.npy: IDR: 96.53%    MR: 2.78%       FAR: 0.69%      IDA: 0.699 ms
arctic_a0153.npy: IDR: 89.93%    MR: 8.05%       FAR: 2.01%      IDA: 0.824 ms
arctic_a0156.npy: IDR: 96.25%    MR: 3.75%       FAR: 0.00%      IDA: 0.781 ms
arctic_a0151.npy: IDR: 94.41%    MR: 5.03%       FAR: 0.56%      IDA: 0.737 ms
arctic_a0163.npy: IDR: 95.92%    MR: 4.08%       FAR: 0.00%      IDA: 0.503 ms
arctic_a0162.npy: IDR: 94.74%    MR: 2.63%       FAR: 2.63%      IDA: 0.434 ms
arctic_a0157.npy: IDR: 93.91%    MR: 6.09%       FAR: 0.00%      IDA: 0.543 ms
arctic_a0160.npy: IDR: 95.62%    MR: 4.38%       FAR: 0.00%      IDA: 0.668 ms
arctic_a0159.npy: IDR: 98.86%    MR: 1.14%       FAR: 0.00%      IDA: 0.673 ms
arctic_a0165.npy: IDR: 99.19%    MR: 0.81%       FAR: 0.00%      IDA: 0.496 ms
arctic_a0167.npy: IDR: 93.22%    MR: 5.08%       FAR: 1.69%      IDA: 0.651 ms
arctic_a0161.npy: IDR: 96.91%    MR: 3.09%       FAR: 0.00%      IDA: 0.560 ms
arctic_a0169.npy: IDR: 97.32%    MR: 2.68%       FAR: 0.00%      IDA: 0.536 ms
arctic_a0164.npy: IDR: 98.73%    MR: 0.64%       FAR: 0.64%      IDA: 0.637 ms
arctic_a0174.npy: IDR: 99.03%    MR: 0.97%       FAR: 0.00%      IDA: 0.743 ms
arctic_a0166.npy: IDR: 97.03%    MR: 1.98%       FAR: 0.99%      IDA: 0.763 ms
arctic_a0170.npy: IDR: 100.00%   MR: 0.00%       FAR: 0.00%      IDA: 0.655 ms
arctic_a0168.npy: IDR: 97.93%    MR: 1.38%       FAR: 0.69%      IDA: 0.747 ms
arctic_a0173.npy: IDR: 100.00%   MR: 0.00%       FAR: 0.00%      IDA: 0.719 ms
arctic_a0171.npy: IDR: 98.31%    MR: 1.69%       FAR: 0.00%      IDA: 0.567 ms
arctic_a0172.npy: IDR: 97.84%    MR: 2.16%       FAR: 0.00%      IDA: 0.689 ms
arctic_a0175.npy: IDR: 97.52%    MR: 1.86%       FAR: 0.62%      IDA: 0.607 ms
arctic_a0177.npy: IDR: 97.93%    MR: 1.38%       FAR: 0.69%      IDA: 0.580 ms
arctic_a0179.npy: IDR: 99.21%    MR: 0.79%       FAR: 0.00%      IDA: 0.686 ms
arctic_a0181.npy: IDR: 96.34%    MR: 2.44%       FAR: 1.22%      IDA: 0.450 ms
arctic_a0182.npy: IDR: 97.06%    MR: 1.96%       FAR: 0.98%      IDA: 0.752 ms
arctic_a0183.npy: IDR: 98.10%    MR: 0.95%       FAR: 0.95%      IDA: 0.541 ms
arctic_a0180.npy: IDR: 95.58%    MR: 3.54%       FAR: 0.88%      IDA: 0.684 ms
arctic_a0176.npy: IDR: 98.65%    MR: 1.35%       FAR: 0.00%      IDA: 0.636 ms
arctic_a0178.npy: IDR: 97.31%    MR: 2.15%       FAR: 0.54%      IDA: 0.659 ms
arctic_a0184.npy: IDR: 99.24%    MR: 0.76%       FAR: 0.00%      IDA: 0.531 ms
arctic_a0192.npy: IDR: 100.00%   MR: 0.00%       FAR: 0.00%      IDA: 0.564 ms
arctic_a0185.npy: IDR: 97.28%    MR: 0.68%       FAR: 2.04%      IDA: 0.709 ms
arctic_a0187.npy: IDR: 99.27%    MR: 0.00%       FAR: 0.73%      IDA: 0.638 ms
arctic_a0188.npy: IDR: 97.01%    MR: 2.99%       FAR: 0.00%      IDA: 0.741 ms
arctic_a0193.npy: IDR: 96.49%    MR: 1.75%       FAR: 1.75%      IDA: 0.656 ms
arctic_a0195.npy: IDR: 97.14%    MR: 1.43%       FAR: 1.43%      IDA: 0.819 ms
arctic_a0190.npy: IDR: 94.40%    MR: 4.00%       FAR: 1.60%      IDA: 0.743 ms
arctic_a0194.npy: IDR: 98.73%    MR: 1.27%       FAR: 0.00%      IDA: 0.597 ms
arctic_a0189.npy: IDR: 97.52%    MR: 0.62%       FAR: 1.86%      IDA: 0.983 ms
arctic_a0191.npy: IDR: 96.10%    MR: 2.60%       FAR: 1.30%      IDA: 0.658 ms
arctic_a0186.npy: IDR: 92.61%    MR: 7.39%       FAR: 0.00%      IDA: 0.720 ms
arctic_a0196.npy: IDR: 95.80%    MR: 3.36%       FAR: 0.84%      IDA: 0.710 ms
arctic_a0198.npy: IDR: 98.25%    MR: 0.00%       FAR: 1.75%      IDA: 0.722 ms
arctic_a0203.npy: IDR: 98.44%    MR: 0.78%       FAR: 0.78%      IDA: 0.797 ms
arctic_a0200.npy: IDR: 96.83%    MR: 2.38%       FAR: 0.79%      IDA: 0.688 ms
arctic_a0205.npy: IDR: 95.33%    MR: 2.80%       FAR: 1.87%      IDA: 0.915 ms
arctic_a0199.npy: IDR: 96.79%    MR: 2.56%       FAR: 0.64%      IDA: 0.762 ms
arctic_a0201.npy: IDR: 95.45%    MR: 2.73%       FAR: 1.82%      IDA: 0.696 ms
arctic_a0207.npy: IDR: 97.62%    MR: 2.38%       FAR: 0.00%      IDA: 0.631 ms
arctic_a0204.npy: IDR: 93.50%    MR: 5.69%       FAR: 0.81%      IDA: 0.888 ms
arctic_a0197.npy: IDR: 95.83%    MR: 4.17%       FAR: 0.00%      IDA: 0.707 ms
arctic_a0206.npy: IDR: 94.78%    MR: 4.35%       FAR: 0.87%      IDA: 0.957 ms
arctic_a0202.npy: IDR: 98.25%    MR: 1.75%       FAR: 0.00%      IDA: 0.750 ms
arctic_a0209.npy: IDR: 99.19%    MR: 0.00%       FAR: 0.81%      IDA: 0.774 ms
arctic_a0215.npy: IDR: 98.44%    MR: 1.56%       FAR: 0.00%      IDA: 0.643 ms
arctic_a0210.npy: IDR: 97.08%    MR: 1.75%       FAR: 1.17%      IDA: 0.779 ms
arctic_a0218.npy: IDR: 99.26%    MR: 0.74%       FAR: 0.00%      IDA: 0.925 ms
arctic_a0211.npy: IDR: 92.35%    MR: 6.56%       FAR: 1.09%      IDA: 0.760 ms
arctic_a0214.npy: IDR: 95.28%    MR: 4.72%       FAR: 0.00%      IDA: 0.923 ms
arctic_a0216.npy: IDR: 93.14%    MR: 5.14%       FAR: 1.71%      IDA: 0.873 ms
arctic_a0217.npy: IDR: 93.02%    MR: 5.23%       FAR: 1.74%      IDA: 0.881 ms
arctic_a0213.npy: IDR: 98.77%    MR: 1.23%       FAR: 0.00%      IDA: 0.623 ms
arctic_a0212.npy: IDR: 93.88%    MR: 4.76%       FAR: 1.36%      IDA: 0.770 ms
arctic_a0221.npy: IDR: 97.54%    MR: 0.00%       FAR: 2.46%      IDA: 0.652 ms
arctic_a0222.npy: IDR: 97.69%    MR: 2.31%       FAR: 0.00%      IDA: 0.744 ms
arctic_a0220.npy: IDR: 94.70%    MR: 4.64%       FAR: 0.66%      IDA: 0.791 ms
arctic_a0226.npy: IDR: 98.26%    MR: 1.74%       FAR: 0.00%      IDA: 0.432 ms
arctic_a0219.npy: IDR: 86.29%    MR: 12.00%      FAR: 1.71%      IDA: 0.678 ms
arctic_a0223.npy: IDR: 96.69%    MR: 1.99%       FAR: 1.32%      IDA: 0.719 ms
arctic_a0228.npy: IDR: 92.42%    MR: 3.03%       FAR: 4.55%      IDA: 0.977 ms
arctic_a0224.npy: IDR: 98.54%    MR: 1.46%       FAR: 0.00%      IDA: 0.683 ms
arctic_a0227.npy: IDR: 98.84%    MR: 1.16%       FAR: 0.00%      IDA: 0.468 ms
arctic_a0229.npy: IDR: 98.74%    MR: 0.63%       FAR: 0.63%      IDA: 0.688 ms
arctic_a0225.npy: IDR: 97.73%    MR: 1.14%       FAR: 1.14%      IDA: 0.748 ms
arctic_a0232.npy: IDR: 96.67%    MR: 0.00%       FAR: 3.33%      IDA: 0.616 ms
arctic_a0230.npy: IDR: 96.55%    MR: 2.76%       FAR: 0.69%      IDA: 0.666 ms
arctic_a0236.npy: IDR: 98.65%    MR: 1.35%       FAR: 0.00%      IDA: 0.551 ms
arctic_a0231.npy: IDR: 99.32%    MR: 0.68%       FAR: 0.00%      IDA: 0.629 ms
arctic_a0235.npy: IDR: 96.97%    MR: 3.03%       FAR: 0.00%      IDA: 0.726 ms
arctic_a0233.npy: IDR: 98.14%    MR: 1.24%       FAR: 0.62%      IDA: 0.799 ms
arctic_a0240.npy: IDR: 96.77%    MR: 1.61%       FAR: 1.61%      IDA: 0.693 ms
arctic_a0242.npy: IDR: 94.03%    MR: 1.49%       FAR: 4.48%      IDA: 0.527 ms
arctic_a0243.npy: IDR: 95.70%    MR: 2.15%       FAR: 2.15%      IDA: 0.540 ms
arctic_a0237.npy: IDR: 98.35%    MR: 1.65%       FAR: 0.00%      IDA: 0.690 ms
arctic_a0241.npy: IDR: 95.06%    MR: 3.70%       FAR: 1.23%      IDA: 0.817 ms
arctic_a0234.npy: IDR: 94.37%    MR: 5.28%       FAR: 0.35%      IDA: 0.711 ms
arctic_a0244.npy: IDR: 95.49%    MR: 1.50%       FAR: 3.01%      IDA: 0.704 ms
arctic_a0247.npy: IDR: 95.19%    MR: 4.81%       FAR: 0.00%      IDA: 0.654 ms
arctic_a0248.npy: IDR: 96.45%    MR: 3.55%       FAR: 0.00%      IDA: 0.746 ms
arctic_a0238.npy: IDR: 96.54%    MR: 2.60%       FAR: 0.87%      IDA: 0.787 ms
arctic_a0239.npy: IDR: 92.67%    MR: 5.76%       FAR: 1.57%      IDA: 0.631 ms
arctic_a0246.npy: IDR: 93.95%    MR: 5.12%       FAR: 0.93%      IDA: 0.622 ms
arctic_a0251.npy: IDR: 96.08%    MR: 1.96%       FAR: 1.96%      IDA: 0.778 ms
arctic_a0245.npy: IDR: 97.63%    MR: 0.59%       FAR: 1.78%      IDA: 0.771 ms
arctic_a0253.npy: IDR: 95.35%    MR: 4.07%       FAR: 0.58%      IDA: 0.720 ms
arctic_a0252.npy: IDR: 98.28%    MR: 1.72%       FAR: 0.00%      IDA: 0.760 ms
arctic_a0257.npy: IDR: 99.19%    MR: 0.81%       FAR: 0.00%      IDA: 0.703 ms
arctic_a0254.npy: IDR: 98.28%    MR: 1.72%       FAR: 0.00%      IDA: 0.555 ms
arctic_a0255.npy: IDR: 97.06%    MR: 2.21%       FAR: 0.74%      IDA: 0.766 ms
arctic_a0249.npy: IDR: 93.99%    MR: 5.46%       FAR: 0.55%      IDA: 0.714 ms
arctic_a0261.npy: IDR: 96.70%    MR: 2.20%       FAR: 1.10%      IDA: 0.778 ms
arctic_a0256.npy: IDR: 94.59%    MR: 4.32%       FAR: 1.08%      IDA: 0.838 ms
arctic_a0259.npy: IDR: 96.12%    MR: 2.91%       FAR: 0.97%      IDA: 0.606 ms
arctic_a0258.npy: IDR: 96.43%    MR: 3.57%       FAR: 0.00%      IDA: 0.696 ms
arctic_a0250.npy: IDR: 96.67%    MR: 3.33%       FAR: 0.00%      IDA: 0.729 ms
arctic_a0263.npy: IDR: 99.11%    MR: 0.89%       FAR: 0.00%      IDA: 0.694 ms
arctic_a0262.npy: IDR: 97.90%    MR: 1.40%       FAR: 0.70%      IDA: 0.866 ms
arctic_a0264.npy: IDR: 99.22%    MR: 0.78%       FAR: 0.00%      IDA: 0.565 ms
arctic_a0266.npy: IDR: 96.82%    MR: 3.18%       FAR: 0.00%      IDA: 0.641 ms
arctic_a0265.npy: IDR: 90.48%    MR: 8.10%       FAR: 1.43%      IDA: 0.629 ms
arctic_a0260.npy: IDR: 93.44%    MR: 5.46%       FAR: 1.09%      IDA: 0.853 ms
arctic_a0267.npy: IDR: 93.92%    MR: 4.73%       FAR: 1.35%      IDA: 0.640 ms
arctic_a0272.npy: IDR: 97.73%    MR: 1.14%       FAR: 1.14%      IDA: 0.681 ms
arctic_a0271.npy: IDR: 94.79%    MR: 5.21%       FAR: 0.00%      IDA: 1.025 ms
arctic_a0270.npy: IDR: 96.24%    MR: 3.01%       FAR: 0.75%      IDA: 0.855 ms
arctic_a0268.npy: IDR: 94.59%    MR: 4.32%       FAR: 1.08%      IDA: 0.664 ms
arctic_a0273.npy: IDR: 96.40%    MR: 3.60%       FAR: 0.00%      IDA: 0.559 ms
arctic_a0269.npy: IDR: 95.65%    MR: 3.73%       FAR: 0.62%      IDA: 0.618 ms
arctic_a0274.npy: IDR: 94.19%    MR: 4.65%       FAR: 1.16%      IDA: 0.717 ms
arctic_a0279.npy: IDR: 97.30%    MR: 2.70%       FAR: 0.00%      IDA: 0.773 ms
arctic_a0275.npy: IDR: 99.37%    MR: 0.63%       FAR: 0.00%      IDA: 0.675 ms
arctic_a0278.npy: IDR: 96.81%    MR: 2.13%       FAR: 1.06%      IDA: 0.646 ms
arctic_a0280.npy: IDR: 95.83%    MR: 3.33%       FAR: 0.83%      IDA: 0.592 ms
arctic_a0281.npy: IDR: 98.62%    MR: 0.69%       FAR: 0.69%      IDA: 0.692 ms
arctic_a0276.npy: IDR: 94.66%    MR: 4.85%       FAR: 0.49%      IDA: 0.846 ms
arctic_a0287.npy: IDR: 98.63%    MR: 0.00%       FAR: 1.37%      IDA: 0.480 ms
arctic_a0284.npy: IDR: 96.09%    MR: 3.12%       FAR: 0.78%      IDA: 0.564 ms
arctic_a0277.npy: IDR: 93.99%    MR: 5.46%       FAR: 0.55%      IDA: 0.734 ms
arctic_a0285.npy: IDR: 96.86%    MR: 3.14%       FAR: 0.00%      IDA: 0.657 ms
arctic_a0282.npy: IDR: 97.64%    MR: 0.79%       FAR: 1.57%      IDA: 0.556 ms
arctic_a0290.npy: IDR: 99.08%    MR: 0.00%       FAR: 0.92%      IDA: 0.729 ms
arctic_a0288.npy: IDR: 95.79%    MR: 3.16%       FAR: 1.05%      IDA: 0.656 ms
arctic_a0286.npy: IDR: 92.51%    MR: 6.95%       FAR: 0.53%      IDA: 0.659 ms
arctic_a0293.npy: IDR: 96.83%    MR: 2.38%       FAR: 0.79%      IDA: 0.683 ms
arctic_a0283.npy: IDR: 95.24%    MR: 4.76%       FAR: 0.00%      IDA: 0.731 ms
arctic_a0296.npy: IDR: 98.67%    MR: 0.00%       FAR: 1.33%      IDA: 0.510 ms
arctic_a0289.npy: IDR: 92.05%    MR: 7.95%       FAR: 0.00%      IDA: 0.607 ms
arctic_a0292.npy: IDR: 98.15%    MR: 1.23%       FAR: 0.62%      IDA: 0.667 ms
arctic_a0294.npy: IDR: 98.18%    MR: 1.82%       FAR: 0.00%      IDA: 0.749 ms
arctic_a0295.npy: IDR: 99.32%    MR: 0.00%       FAR: 0.68%      IDA: 0.768 ms
arctic_a0291.npy: IDR: 94.02%    MR: 4.89%       FAR: 1.09%      IDA: 0.886 ms
arctic_a0301.npy: IDR: 96.30%    MR: 2.96%       FAR: 0.74%      IDA: 0.739 ms
arctic_a0297.npy: IDR: 96.55%    MR: 2.87%       FAR: 0.57%      IDA: 0.710 ms
arctic_a0304.npy: IDR: 96.00%    MR: 4.00%       FAR: 0.00%      IDA: 0.681 ms
arctic_a0303.npy: IDR: 94.80%    MR: 3.47%       FAR: 1.73%      IDA: 0.769 ms
arctic_a0300.npy: IDR: 98.03%    MR: 1.97%       FAR: 0.00%      IDA: 0.675 ms
arctic_a0298.npy: IDR: 97.38%    MR: 2.62%       FAR: 0.00%      IDA: 0.635 ms
arctic_a0302.npy: IDR: 91.62%    MR: 7.78%       FAR: 0.60%      IDA: 0.550 ms
arctic_a0306.npy: IDR: 96.69%    MR: 3.31%       FAR: 0.00%      IDA: 0.733 ms
arctic_a0299.npy: IDR: 96.34%    MR: 3.66%       FAR: 0.00%      IDA: 0.731 ms
arctic_a0309.npy: IDR: 95.61%    MR: 2.63%       FAR: 1.75%      IDA: 0.585 ms
arctic_a0307.npy: IDR: 96.86%    MR: 3.14%       FAR: 0.00%      IDA: 0.676 ms
arctic_a0305.npy: IDR: 96.69%    MR: 1.66%       FAR: 1.66%      IDA: 0.790 ms
arctic_a0311.npy: IDR: 98.00%    MR: 0.00%       FAR: 2.00%      IDA: 0.586 ms
arctic_a0308.npy: IDR: 94.95%    MR: 1.83%       FAR: 3.21%      IDA: 0.872 ms
arctic_a0310.npy: IDR: 93.00%    MR: 5.00%       FAR: 2.00%      IDA: 0.744 ms
arctic_a0313.npy: IDR: 95.45%    MR: 2.73%       FAR: 1.82%      IDA: 0.992 ms
arctic_a0317.npy: IDR: 96.49%    MR: 2.63%       FAR: 0.88%      IDA: 0.511 ms
arctic_a0314.npy: IDR: 94.64%    MR: 2.98%       FAR: 2.38%      IDA: 0.968 ms
arctic_a0312.npy: IDR: 86.62%    MR: 12.68%      FAR: 0.70%      IDA: 0.999 ms
arctic_a0318.npy: IDR: 95.76%    MR: 2.54%       FAR: 1.69%      IDA: 0.755 ms
arctic_a0316.npy: IDR: 96.18%    MR: 3.82%       FAR: 0.00%      IDA: 0.686 ms
arctic_a0315.npy: IDR: 92.00%    MR: 6.67%       FAR: 1.33%      IDA: 0.646 ms
arctic_a0321.npy: IDR: 94.08%    MR: 2.63%       FAR: 3.29%      IDA: 0.656 ms
arctic_a0320.npy: IDR: 93.98%    MR: 6.02%       FAR: 0.00%      IDA: 0.595 ms
arctic_a0322.npy: IDR: 99.12%    MR: 0.00%       FAR: 0.88%      IDA: 0.588 ms
arctic_a0319.npy: IDR: 95.49%    MR: 3.69%       FAR: 0.82%      IDA: 0.740 ms
arctic_a0329.npy: IDR: 95.08%    MR: 4.92%       FAR: 0.00%      IDA: 0.601 ms
arctic_a0324.npy: IDR: 96.72%    MR: 2.73%       FAR: 0.55%      IDA: 0.742 ms
arctic_a0323.npy: IDR: 92.59%    MR: 7.41%       FAR: 0.00%      IDA: 0.858 ms
arctic_a0326.npy: IDR: 97.62%    MR: 1.59%       FAR: 0.79%      IDA: 0.716 ms
arctic_a0330.npy: IDR: 97.58%    MR: 2.42%       FAR: 0.00%      IDA: 0.729 ms
arctic_a0328.npy: IDR: 96.97%    MR: 3.03%       FAR: 0.00%      IDA: 0.777 ms
arctic_a0327.npy: IDR: 97.70%    MR: 1.72%       FAR: 0.57%      IDA: 0.469 ms
arctic_a0331.npy: IDR: 92.97%    MR: 7.03%       FAR: 0.00%      IDA: 0.838 ms
arctic_a0325.npy: IDR: 98.22%    MR: 1.18%       FAR: 0.59%      IDA: 0.499 ms
arctic_a0333.npy: IDR: 98.81%    MR: 1.19%       FAR: 0.00%      IDA: 0.508 ms
arctic_a0334.npy: IDR: 98.57%    MR: 1.43%       FAR: 0.00%      IDA: 0.622 ms
arctic_a0338.npy: IDR: 98.17%    MR: 1.83%       FAR: 0.00%      IDA: 0.585 ms
arctic_a0340.npy: IDR: 98.78%    MR: 1.22%       FAR: 0.00%      IDA: 0.625 ms
arctic_a0335.npy: IDR: 96.41%    MR: 3.59%       FAR: 0.00%      IDA: 0.863 ms
arctic_a0332.npy: IDR: 96.24%    MR: 3.76%       FAR: 0.00%      IDA: 0.661 ms
arctic_a0339.npy: IDR: 96.30%    MR: 2.65%       FAR: 1.06%      IDA: 0.687 ms
arctic_a0337.npy: IDR: 97.30%    MR: 1.08%       FAR: 1.62%      IDA: 0.739 ms
arctic_a0342.npy: IDR: 93.94%    MR: 3.79%       FAR: 2.27%      IDA: 0.820 ms
arctic_a0336.npy: IDR: 96.77%    MR: 1.94%       FAR: 1.29%      IDA: 0.649 ms
arctic_a0346.npy: IDR: 90.82%    MR: 3.06%       FAR: 6.12%      IDA: 0.609 ms
arctic_a0343.npy: IDR: 96.75%    MR: 2.44%       FAR: 0.81%      IDA: 0.647 ms
arctic_a0351.npy: IDR: 96.88%    MR: 1.56%       FAR: 1.56%      IDA: 0.441 ms
arctic_a0344.npy: IDR: 98.63%    MR: 0.68%       FAR: 0.68%      IDA: 0.687 ms
arctic_a0345.npy: IDR: 97.12%    MR: 2.88%       FAR: 0.00%      IDA: 0.593 ms
arctic_a0348.npy: IDR: 96.85%    MR: 3.15%       FAR: 0.00%      IDA: 0.660 ms
arctic_a0352.npy: IDR: 99.39%    MR: 0.61%       FAR: 0.00%      IDA: 0.565 ms
arctic_a0354.npy: IDR: 98.92%    MR: 1.08%       FAR: 0.00%      IDA: 0.602 ms
arctic_a0355.npy: IDR: 95.54%    MR: 3.57%       FAR: 0.89%      IDA: 0.946 ms
arctic_a0349.npy: IDR: 96.73%    MR: 2.61%       FAR: 0.65%      IDA: 0.562 ms
arctic_a0353.npy: IDR: 100.00%   MR: 0.00%       FAR: 0.00%      IDA: 0.637 ms
arctic_a0350.npy: IDR: 98.64%    MR: 1.36%       FAR: 0.00%      IDA: 0.688 ms
arctic_a0356.npy: IDR: 94.95%    MR: 4.04%       FAR: 1.01%      IDA: 0.593 ms
arctic_a0359.npy: IDR: 97.52%    MR: 1.65%       FAR: 0.83%      IDA: 0.630 ms
arctic_a0347.npy: IDR: 97.94%    MR: 1.55%       FAR: 0.52%      IDA: 0.541 ms
arctic_a0362.npy: IDR: 94.81%    MR: 5.19%       FAR: 0.00%      IDA: 0.604 ms
arctic_a0361.npy: IDR: 98.47%    MR: 1.53%       FAR: 0.00%      IDA: 0.606 ms
arctic_a0363.npy: IDR: 97.17%    MR: 0.94%       FAR: 1.89%      IDA: 0.501 ms
arctic_a0357.npy: IDR: 99.42%    MR: 0.58%       FAR: 0.00%      IDA: 0.714 ms
arctic_a0360.npy: IDR: 97.95%    MR: 2.05%       FAR: 0.00%      IDA: 0.682 ms
arctic_a0365.npy: IDR: 98.74%    MR: 1.26%       FAR: 0.00%      IDA: 0.649 ms
arctic_a0358.npy: IDR: 96.04%    MR: 2.97%       FAR: 0.99%      IDA: 0.514 ms
arctic_a0364.npy: IDR: 98.65%    MR: 1.35%       FAR: 0.00%      IDA: 0.576 ms
arctic_a0370.npy: IDR: 95.24%    MR: 4.08%       FAR: 0.68%      IDA: 0.880 ms
arctic_a0367.npy: IDR: 100.00%   MR: 0.00%       FAR: 0.00%      IDA: 0.631 ms
arctic_a0368.npy: IDR: 96.00%    MR: 2.00%       FAR: 2.00%      IDA: 0.614 ms
arctic_a0373.npy: IDR: 98.35%    MR: 1.65%       FAR: 0.00%      IDA: 0.855 ms
arctic_a0372.npy: IDR: 97.50%    MR: 1.88%       FAR: 0.62%      IDA: 0.725 ms
arctic_a0371.npy: IDR: 94.92%    MR: 4.52%       FAR: 0.56%      IDA: 0.728 ms
arctic_a0374.npy: IDR: 96.61%    MR: 1.69%       FAR: 1.69%      IDA: 0.636 ms
arctic_a0379.npy: IDR: 95.65%    MR: 4.35%       FAR: 0.00%      IDA: 0.711 ms
arctic_a0369.npy: IDR: 95.26%    MR: 3.79%       FAR: 0.95%      IDA: 0.796 ms
arctic_a0366.npy: IDR: 94.19%    MR: 5.81%       FAR: 0.00%      IDA: 0.684 ms
arctic_a0381.npy: IDR: 95.77%    MR: 4.23%       FAR: 0.00%      IDA: 0.533 ms
arctic_a0376.npy: IDR: 94.26%    MR: 5.74%       FAR: 0.00%      IDA: 0.557 ms
arctic_a0378.npy: IDR: 97.40%    MR: 2.60%       FAR: 0.00%      IDA: 0.627 ms
arctic_a0385.npy: IDR: 100.00%   MR: 0.00%       FAR: 0.00%      IDA: 0.832 ms
arctic_a0377.npy: IDR: 87.58%    MR: 11.76%      FAR: 0.65%      IDA: 0.931 ms
arctic_a0386.npy: IDR: 99.11%    MR: 0.89%       FAR: 0.00%      IDA: 0.777 ms
arctic_a0384.npy: IDR: 95.07%    MR: 4.23%       FAR: 0.70%      IDA: 0.746 ms
arctic_a0388.npy: IDR: 98.94%    MR: 1.06%       FAR: 0.00%      IDA: 0.613 ms
arctic_a0389.npy: IDR: 100.00%   MR: 0.00%       FAR: 0.00%      IDA: 0.706 ms
arctic_a0375.npy: IDR: 91.63%    MR: 8.37%       FAR: 0.00%      IDA: 0.724 ms
arctic_a0390.npy: IDR: 99.17%    MR: 0.00%       FAR: 0.83%      IDA: 0.451 ms
arctic_a0382.npy: IDR: 95.75%    MR: 3.77%       FAR: 0.47%      IDA: 0.764 ms
arctic_a0383.npy: IDR: 98.22%    MR: 1.18%       FAR: 0.59%      IDA: 0.663 ms
arctic_a0380.npy: IDR: 97.67%    MR: 2.33%       FAR: 0.00%      IDA: 0.636 ms
arctic_a0393.npy: IDR: 96.57%    MR: 2.86%       FAR: 0.57%      IDA: 0.660 ms
arctic_a0391.npy: IDR: 94.48%    MR: 4.14%       FAR: 1.38%      IDA: 0.673 ms
arctic_a0394.npy: IDR: 93.02%    MR: 6.20%       FAR: 0.78%      IDA: 0.713 ms
arctic_a0399.npy: IDR: 96.67%    MR: 0.00%       FAR: 3.33%      IDA: 0.750 ms
arctic_a0396.npy: IDR: 99.12%    MR: 0.00%       FAR: 0.88%      IDA: 0.691 ms
arctic_a0397.npy: IDR: 99.25%    MR: 0.75%       FAR: 0.00%      IDA: 0.675 ms
arctic_a0387.npy: IDR: 97.25%    MR: 2.20%       FAR: 0.55%      IDA: 0.675 ms
arctic_a0400.npy: IDR: 98.35%    MR: 0.83%       FAR: 0.83%      IDA: 0.547 ms
arctic_a0403.npy: IDR: 98.69%    MR: 0.65%       FAR: 0.65%      IDA: 0.592 ms
arctic_a0395.npy: IDR: 94.71%    MR: 5.29%       FAR: 0.00%      IDA: 0.460 ms
arctic_a0401.npy: IDR: 97.48%    MR: 2.52%       FAR: 0.00%      IDA: 0.703 ms
arctic_a0406.npy: IDR: 95.14%    MR: 4.17%       FAR: 0.69%      IDA: 0.582 ms
arctic_a0398.npy: IDR: 97.42%    MR: 2.58%       FAR: 0.00%      IDA: 0.771 ms
arctic_a0404.npy: IDR: 96.72%    MR: 2.19%       FAR: 1.09%      IDA: 0.624 ms
arctic_a0402.npy: IDR: 90.67%    MR: 9.33%       FAR: 0.00%      IDA: 0.669 ms
arctic_a0409.npy: IDR: 93.98%    MR: 3.76%       FAR: 2.26%      IDA: 0.811 ms
arctic_a0405.npy: IDR: 95.73%    MR: 3.05%       FAR: 1.22%      IDA: 0.744 ms
arctic_a0413.npy: IDR: 95.35%    MR: 3.88%       FAR: 0.78%      IDA: 0.638 ms
arctic_a0412.npy: IDR: 95.37%    MR: 2.78%       FAR: 1.85%      IDA: 0.689 ms
arctic_a0414.npy: IDR: 96.06%    MR: 3.94%       FAR: 0.00%      IDA: 0.649 ms
arctic_a0410.npy: IDR: 93.21%    MR: 6.79%       FAR: 0.00%      IDA: 0.761 ms
arctic_a0411.npy: IDR: 93.53%    MR: 3.60%       FAR: 2.88%      IDA: 0.737 ms
arctic_a0415.npy: IDR: 97.89%    MR: 2.11%       FAR: 0.00%      IDA: 0.731 ms
arctic_a0408.npy: IDR: 95.56%    MR: 4.44%       FAR: 0.00%      IDA: 0.642 ms
arctic_a0419.npy: IDR: 96.46%    MR: 2.65%       FAR: 0.88%      IDA: 0.812 ms
arctic_a0418.npy: IDR: 98.64%    MR: 1.36%       FAR: 0.00%      IDA: 0.740 ms
arctic_a0417.npy: IDR: 98.40%    MR: 0.80%       FAR: 0.80%      IDA: 0.844 ms
arctic_a0421.npy: IDR: 97.50%    MR: 0.83%       FAR: 1.67%      IDA: 0.632 ms
arctic_a0416.npy: IDR: 98.41%    MR: 1.59%       FAR: 0.00%      IDA: 0.743 ms
arctic_a0426.npy: IDR: 96.91%    MR: 1.85%       FAR: 1.23%      IDA: 0.726 ms
arctic_a0427.npy: IDR: 94.49%    MR: 3.94%       FAR: 1.57%      IDA: 0.644 ms
arctic_a0423.npy: IDR: 96.59%    MR: 2.84%       FAR: 0.57%      IDA: 0.522 ms
arctic_a0420.npy: IDR: 98.14%    MR: 1.40%       FAR: 0.47%      IDA: 0.709 ms
arctic_a0422.npy: IDR: 97.61%    MR: 1.99%       FAR: 0.40%      IDA: 0.823 ms
arctic_a0407.npy: IDR: 96.64%    MR: 3.36%       FAR: 0.00%      IDA: 0.597 ms
arctic_a0425.npy: IDR: 96.69%    MR: 2.65%       FAR: 0.66%      IDA: 0.999 ms
arctic_a0428.npy: IDR: 96.88%    MR: 1.04%       FAR: 2.08%      IDA: 0.817 ms
arctic_a0424.npy: IDR: 98.16%    MR: 1.23%       FAR: 0.61%      IDA: 0.651 ms
arctic_a0432.npy: IDR: 97.48%    MR: 2.52%       FAR: 0.00%      IDA: 0.864 ms
arctic_a0431.npy: IDR: 98.37%    MR: 0.00%       FAR: 1.63%      IDA: 0.870 ms
arctic_a0435.npy: IDR: 97.01%    MR: 2.99%       FAR: 0.00%      IDA: 1.008 ms
arctic_a0434.npy: IDR: 91.67%    MR: 8.33%       FAR: 0.00%      IDA: 0.816 ms
arctic_a0436.npy: IDR: 99.15%    MR: 0.85%       FAR: 0.00%      IDA: 0.690 ms
arctic_a0430.npy: IDR: 95.77%    MR: 3.17%       FAR: 1.06%      IDA: 0.688 ms
arctic_a0440.npy: IDR: 98.15%    MR: 0.00%       FAR: 1.85%      IDA: 0.626 ms
arctic_a0429.npy: IDR: 97.18%    MR: 2.26%       FAR: 0.56%      IDA: 0.710 ms
arctic_a0443.npy: IDR: 97.00%    MR: 3.00%       FAR: 0.00%      IDA: 0.675 ms
arctic_a0433.npy: IDR: 80.87%    MR: 19.13%      FAR: 0.00%      IDA: 0.899 ms
arctic_a0438.npy: IDR: 97.73%    MR: 1.52%       FAR: 0.76%      IDA: 0.712 ms
arctic_a0444.npy: IDR: 98.20%    MR: 0.00%       FAR: 1.80%      IDA: 0.645 ms
arctic_a0442.npy: IDR: 98.61%    MR: 0.69%       FAR: 0.69%      IDA: 0.790 ms
arctic_a0445.npy: IDR: 98.97%    MR: 1.03%       FAR: 0.00%      IDA: 0.841 ms
arctic_a0437.npy: IDR: 88.17%    MR: 11.24%      FAR: 0.59%      IDA: 0.639 ms
arctic_a0441.npy: IDR: 98.83%    MR: 0.00%       FAR: 1.17%      IDA: 0.822 ms
arctic_a0447.npy: IDR: 97.85%    MR: 1.08%       FAR: 1.08%      IDA: 0.562 ms
arctic_a0446.npy: IDR: 98.75%    MR: 0.62%       FAR: 0.62%      IDA: 0.755 ms
arctic_a0448.npy: IDR: 97.84%    MR: 2.16%       FAR: 0.00%      IDA: 0.894 ms
arctic_a0450.npy: IDR: 98.05%    MR: 1.30%       FAR: 0.65%      IDA: 0.678 ms
arctic_a0453.npy: IDR: 98.75%    MR: 0.00%       FAR: 1.25%      IDA: 0.623 ms
arctic_a0439.npy: IDR: 93.33%    MR: 6.00%       FAR: 0.67%      IDA: 0.944 ms
arctic_a0454.npy: IDR: 97.32%    MR: 1.79%       FAR: 0.89%      IDA: 0.563 ms
arctic_a0452.npy: IDR: 98.01%    MR: 1.32%       FAR: 0.66%      IDA: 0.695 ms
arctic_a0449.npy: IDR: 97.01%    MR: 2.40%       FAR: 0.60%      IDA: 0.644 ms
arctic_a0451.npy: IDR: 98.03%    MR: 1.97%       FAR: 0.00%      IDA: 0.629 ms
arctic_a0460.npy: IDR: 97.73%    MR: 1.14%       FAR: 1.14%      IDA: 0.517 ms
arctic_a0459.npy: IDR: 96.88%    MR: 2.08%       FAR: 1.04%      IDA: 0.825 ms
arctic_a0458.npy: IDR: 98.84%    MR: 1.16%       FAR: 0.00%      IDA: 0.689 ms
arctic_a0457.npy: IDR: 94.64%    MR: 3.57%       FAR: 1.79%      IDA: 0.547 ms
arctic_a0455.npy: IDR: 94.94%    MR: 4.49%       FAR: 0.56%      IDA: 0.663 ms
arctic_a0467.npy: IDR: 98.37%    MR: 1.63%       FAR: 0.00%      IDA: 0.636 ms
arctic_a0462.npy: IDR: 96.61%    MR: 2.26%       FAR: 1.13%      IDA: 0.569 ms
arctic_a0465.npy: IDR: 98.59%    MR: 0.70%       FAR: 0.70%      IDA: 0.573 ms
arctic_a0461.npy: IDR: 96.93%    MR: 3.07%       FAR: 0.00%      IDA: 0.789 ms
arctic_a0463.npy: IDR: 99.39%    MR: 0.61%       FAR: 0.00%      IDA: 0.642 ms
arctic_a0470.npy: IDR: 98.86%    MR: 1.14%       FAR: 0.00%      IDA: 0.943 ms
arctic_a0468.npy: IDR: 98.62%    MR: 1.38%       FAR: 0.00%      IDA: 0.573 ms
arctic_a0466.npy: IDR: 98.08%    MR: 1.28%       FAR: 0.64%      IDA: 0.570 ms
arctic_a0469.npy: IDR: 95.73%    MR: 3.42%       FAR: 0.85%      IDA: 0.646 ms
arctic_a0464.npy: IDR: 94.44%    MR: 5.56%       FAR: 0.00%      IDA: 0.612 ms
arctic_a0473.npy: IDR: 99.03%    MR: 0.97%       FAR: 0.00%      IDA: 0.495 ms
arctic_a0471.npy: IDR: 98.73%    MR: 0.63%       FAR: 0.63%      IDA: 0.656 ms
arctic_a0476.npy: IDR: 93.75%    MR: 5.36%       FAR: 0.89%      IDA: 0.789 ms
arctic_a0480.npy: IDR: 100.00%   MR: 0.00%       FAR: 0.00%      IDA: 0.802 ms
arctic_a0474.npy: IDR: 92.66%    MR: 6.42%       FAR: 0.92%      IDA: 0.605 ms
arctic_a0475.npy: IDR: 97.01%    MR: 2.99%       FAR: 0.00%      IDA: 0.522 ms
arctic_a0478.npy: IDR: 99.42%    MR: 0.58%       FAR: 0.00%      IDA: 0.704 ms
arctic_a0484.npy: IDR: 95.08%    MR: 0.00%       FAR: 4.92%      IDA: 0.419 ms
arctic_a0479.npy: IDR: 98.44%    MR: 1.56%       FAR: 0.00%      IDA: 0.673 ms
arctic_a0477.npy: IDR: 96.80%    MR: 2.74%       FAR: 0.46%      IDA: 0.634 ms
arctic_a0482.npy: IDR: 99.43%    MR: 0.57%       FAR: 0.00%      IDA: 0.597 ms
arctic_a0472.npy: IDR: 86.91%    MR: 13.09%      FAR: 0.00%      IDA: 0.743 ms
arctic_a0481.npy: IDR: 95.78%    MR: 4.22%       FAR: 0.00%      IDA: 0.718 ms
arctic_a0485.npy: IDR: 99.21%    MR: 0.79%       FAR: 0.00%      IDA: 0.607 ms
arctic_a0486.npy: IDR: 95.93%    MR: 3.25%       FAR: 0.81%      IDA: 0.469 ms
arctic_a0483.npy: IDR: 98.89%    MR: 1.11%       FAR: 0.00%      IDA: 0.533 ms
arctic_a0488.npy: IDR: 99.16%    MR: 0.84%       FAR: 0.00%      IDA: 0.913 ms
arctic_a0489.npy: IDR: 98.91%    MR: 1.09%       FAR: 0.00%      IDA: 0.680 ms
arctic_a0492.npy: IDR: 98.08%    MR: 1.92%       FAR: 0.00%      IDA: 0.625 ms
arctic_a0496.npy: IDR: 98.28%    MR: 1.72%       FAR: 0.00%      IDA: 0.527 ms
arctic_a0490.npy: IDR: 97.58%    MR: 2.42%       FAR: 0.00%      IDA: 0.614 ms
arctic_a0495.npy: IDR: 100.00%   MR: 0.00%       FAR: 0.00%      IDA: 0.586 ms
arctic_a0493.npy: IDR: 94.70%    MR: 3.79%       FAR: 1.52%      IDA: 0.609 ms
arctic_a0497.npy: IDR: 98.15%    MR: 1.85%       FAR: 0.00%      IDA: 0.572 ms
arctic_a0498.npy: IDR: 99.15%    MR: 0.00%       FAR: 0.85%      IDA: 0.541 ms
arctic_a0494.npy: IDR: 93.38%    MR: 6.62%       FAR: 0.00%      IDA: 0.795 ms
arctic_a0491.npy: IDR: 98.15%    MR: 1.39%       FAR: 0.46%      IDA: 0.547 ms
arctic_a0499.npy: IDR: 98.52%    MR: 1.48%       FAR: 0.00%      IDA: 0.671 ms
arctic_a0487.npy: IDR: 93.43%    MR: 6.57%       FAR: 0.00%      IDA: 0.683 ms
arctic_a0500.npy: IDR: 93.08%    MR: 5.66%       FAR: 1.26%      IDA: 0.671 ms
arctic_a0504.npy: IDR: 100.00%   MR: 0.00%       FAR: 0.00%      IDA: 0.586 ms
arctic_a0505.npy: IDR: 98.99%    MR: 1.01%       FAR: 0.00%      IDA: 0.749 ms
arctic_a0506.npy: IDR: 99.39%    MR: 0.61%       FAR: 0.00%      IDA: 0.669 ms
arctic_a0501.npy: IDR: 99.38%    MR: 0.62%       FAR: 0.00%      IDA: 0.721 ms
arctic_a0503.npy: IDR: 96.43%    MR: 3.06%       FAR: 0.51%      IDA: 0.783 ms
arctic_a0502.npy: IDR: 97.71%    MR: 1.53%       FAR: 0.76%      IDA: 0.870 ms
arctic_a0509.npy: IDR: 96.61%    MR: 3.39%       FAR: 0.00%      IDA: 0.746 ms
arctic_a0513.npy: IDR: 97.21%    MR: 2.79%       FAR: 0.00%      IDA: 0.780 ms
arctic_a0508.npy: IDR: 97.39%    MR: 2.61%       FAR: 0.00%      IDA: 0.758 ms
arctic_a0510.npy: IDR: 96.15%    MR: 3.85%       FAR: 0.00%      IDA: 0.648 ms
arctic_a0514.npy: IDR: 99.06%    MR: 0.94%       FAR: 0.00%      IDA: 0.513 ms
arctic_a0511.npy: IDR: 97.04%    MR: 2.96%       FAR: 0.00%      IDA: 0.796 ms
