Amyotrophe Lateralsklerose
1242-phrase.npy: IDR: 100.00%    MR: 0.00%       FAR: 0.00%      IDA: 0.380 ms
2373-phrase.npy: IDR: 99.09%     MR: 0.91%       FAR: 0.00%      IDA: 0.140 ms

identification_rate:0.9955 miss_rate:0.004545 false_alarm_rate:  0.0 identification_accuracy:0.0002603

Aryluxation
1201-phrase.npy: IDR: 81.34%     MR: 8.21%       FAR: 10.45%     IDA: 1.539 ms
1575-phrase.npy: IDR: 95.06%     MR: 1.85%       FAR: 3.09%      IDA: 1.327 ms
1678-phrase.npy: IDR: 69.57%     MR: 17.39%      FAR: 13.04%     IDA: 2.446 ms
1887-phrase.npy: IDR: 86.26%     MR: 6.11%       FAR: 7.63%      IDA: 1.288 ms
1894-phrase.npy: IDR: 92.06%     MR: 4.76%       FAR: 3.17%      IDA: 0.851 ms
1906-phrase.npy: IDR: 84.83%     MR: 6.90%       FAR: 8.28%      IDA: 1.601 ms

identification_rate:0.8485 miss_rate:0.07536 false_alarm_rate:0.0761 identification_accuracy:0.001509

Balbuties
668-phrase.npy: IDR: 85.08%      MR: 7.26%       FAR: 7.66%      IDA: 1.343 ms
672-phrase.npy: IDR: 100.00%     MR: 0.00%       FAR: 0.00%      IDA: 0.140 ms
1296-phrase.npy: IDR: 99.16%     MR: 0.84%       FAR: 0.00%      IDA: 0.133 ms
1483-phrase.npy: IDR: 97.10%     MR: 1.45%       FAR: 1.45%      IDA: 0.624 ms
930-phrase.npy: IDR: 98.36%      MR: 1.09%       FAR: 0.55%      IDA: 0.305 ms
1297-phrase.npy: IDR: 98.73%     MR: 0.00%       FAR: 1.27%      IDA: 0.123 ms
892-phrase.npy: IDR: 98.05%      MR: 1.30%       FAR: 0.65%      IDA: 0.102 ms
1650-phrase.npy: IDR: 100.00%    MR: 0.00%       FAR: 0.00%      IDA: 0.186 ms
2145-phrase.npy: IDR: 95.51%     MR: 4.49%       FAR: 0.00%      IDA: 0.344 ms
2149-phrase.npy: IDR: 99.19%     MR: 0.81%       FAR: 0.00%      IDA: 0.080 ms
1595-phrase.npy: IDR: 96.52%     MR: 0.00%       FAR: 3.48%      IDA: 0.124 ms
2013-phrase.npy: IDR: 100.00%    MR: 0.00%       FAR: 0.00%      IDA: 0.108 ms
2289-phrase.npy: IDR: 100.00%    MR: 0.00%       FAR: 0.00%      IDA: 0.123 ms
2236-phrase.npy: IDR: 98.11%     MR: 0.63%       FAR: 1.26%      IDA: 0.158 ms
2554-phrase.npy: IDR: 97.77%     MR: 1.12%       FAR: 1.12%      IDA: 0.518 ms
2470-phrase.npy: IDR: 98.70%     MR: 0.65%       FAR: 0.65%      IDA: 0.228 ms
2611-phrase.npy: IDR: 97.44%     MR: 0.00%       FAR: 2.56%      IDA: 0.309 ms
2609-phrase.npy: IDR: 99.08%     MR: 0.92%       FAR: 0.00%      IDA: 0.087 ms
2129-phrase.npy: IDR: 100.00%    MR: 0.00%       FAR: 0.00%      IDA: 0.110 ms

identification_rate:0.9783 miss_rate:0.01082 false_alarm_rate:0.01086 identification_accuracy:0.0002708

Bulbarparalyse
101-phrase.npy: IDR: 88.05%      MR: 6.29%       FAR: 5.66%      IDA: 1.466 ms
1227-phrase.npy: IDR: 93.58%     MR: 3.38%       FAR: 3.04%      IDA: 1.006 ms

identification_rate:0.9082 miss_rate:0.04834 false_alarm_rate:0.0435 identification_accuracy:0.001236

Carcinoma in situ
1472-phrase.npy: IDR: 92.62%     MR: 3.28%       FAR: 4.10%      IDA: 0.665 ms

identification_rate:0.9262 miss_rate:0.03279 false_alarm_rate:0.04098 identification_accuracy:0.0006646

Chondrom
1338-phrase.npy: IDR: 86.54%     MR: 7.69%       FAR: 5.77%      IDA: 1.184 ms

identification_rate:0.8654 miss_rate:0.07692 false_alarm_rate:0.05769 identification_accuracy:0.001184

Chordektomie
491-phrase.npy: IDR: 56.84%      MR: 29.47%      FAR: 13.68%     IDA: 1.805 ms
719-phrase.npy: IDR: 73.12%      MR: 10.75%      FAR: 16.13%     IDA: 3.229 ms
628-phrase.npy: IDR: 99.22%      MR: 0.78%       FAR: 0.00%      IDA: 0.330 ms
845-phrase.npy: IDR: 82.98%      MR: 10.64%      FAR: 6.38%      IDA: 0.687 ms
504-phrase.npy: IDR: 60.00%      MR: 18.82%      FAR: 21.18%     IDA: 2.029 ms
915-phrase.npy: IDR: 76.47%      MR: 15.69%      FAR: 7.84%      IDA: 1.713 ms
847-phrase.npy: IDR: 68.33%      MR: 13.33%      FAR: 18.33%     IDA: 2.383 ms
920-phrase.npy: IDR: 75.81%      MR: 9.14%       FAR: 15.05%     IDA: 1.713 ms
873-phrase.npy: IDR: 98.18%      MR: 1.82%       FAR: 0.00%      IDA: 0.084 ms
1089-phrase.npy: IDR: 61.90%     MR: 9.52%       FAR: 28.57%     IDA: 2.221 ms
1084-phrase.npy: IDR: 71.79%     MR: 17.95%      FAR: 10.26%     IDA: 2.236 ms
1333-phrase.npy: IDR: 98.39%     MR: 1.08%       FAR: 0.54%      IDA: 0.339 ms
1339-phrase.npy: IDR: 99.48%     MR: 0.52%       FAR: 0.00%      IDA: 0.292 ms
1217-phrase.npy: IDR: 83.72%     MR: 9.30%       FAR: 6.98%      IDA: 1.509 ms
1321-phrase.npy: IDR: 96.03%     MR: 3.97%       FAR: 0.00%      IDA: 0.304 ms
1376-phrase.npy: IDR: 99.31%     MR: 0.00%       FAR: 0.69%      IDA: 0.417 ms
1385-phrase.npy: IDR: 100.00%    MR: 0.00%       FAR: 0.00%      IDA: 0.468 ms
1393-phrase.npy: IDR: 96.32%     MR: 2.21%       FAR: 1.47%      IDA: 0.254 ms
1392-phrase.npy: IDR: 83.89%     MR: 7.11%       FAR: 9.00%      IDA: 1.698 ms
1412-phrase.npy: IDR: 95.89%     MR: 4.11%       FAR: 0.00%      IDA: 0.722 ms
1410-phrase.npy: IDR: 95.54%     MR: 0.00%       FAR: 4.46%      IDA: 0.379 ms
1401-phrase.npy: IDR: 96.28%     MR: 2.13%       FAR: 1.60%      IDA: 0.480 ms
1422-phrase.npy: IDR: 98.43%     MR: 0.52%       FAR: 1.05%      IDA: 0.355 ms
1486-phrase.npy: IDR: 94.83%     MR: 4.31%       FAR: 0.86%      IDA: 1.061 ms
1429-phrase.npy: IDR: 98.58%     MR: 1.42%       FAR: 0.00%      IDA: 0.513 ms
1450-phrase.npy: IDR: 62.30%     MR: 14.75%      FAR: 22.95%     IDA: 2.439 ms
1625-phrase.npy: IDR: 100.00%    MR: 0.00%       FAR: 0.00%      IDA: 0.130 ms
1487-phrase.npy: IDR: 92.00%     MR: 3.43%       FAR: 4.57%      IDA: 1.289 ms
1606-phrase.npy: IDR: 64.71%     MR: 23.53%      FAR: 11.76%     IDA: 2.347 ms
1503-phrase.npy: IDR: 60.90%     MR: 14.74%      FAR: 24.36%     IDA: 2.182 ms
1651-phrase.npy: IDR: 94.76%     MR: 2.18%       FAR: 3.06%      IDA: 0.818 ms
1674-phrase.npy: IDR: 91.32%     MR: 4.11%       FAR: 4.57%      IDA: 0.953 ms
1720-phrase.npy: IDR: 91.14%     MR: 3.80%       FAR: 5.06%      IDA: 1.117 ms
1693-phrase.npy: IDR: 97.24%     MR: 2.76%       FAR: 0.00%      IDA: 0.508 ms
1771-phrase.npy: IDR: 92.86%     MR: 3.57%       FAR: 3.57%      IDA: 2.196 ms
1942-phrase.npy: IDR: 75.00%     MR: 0.00%       FAR: 25.00%     IDA: 3.929 ms
1774-phrase.npy: IDR: 44.00%     MR: 48.00%      FAR: 8.00%      IDA: 2.273 ms
2136-phrase.npy: IDR: 79.78%     MR: 8.99%       FAR: 11.24%     IDA: 1.941 ms
1991-phrase.npy: IDR: 83.33%     MR: 11.11%      FAR: 5.56%      IDA: 2.012 ms
1932-phrase.npy: IDR: 95.87%     MR: 2.29%       FAR: 1.83%      IDA: 0.216 ms
2064-phrase.npy: IDR: 56.58%     MR: 25.00%      FAR: 18.42%     IDA: 2.942 ms
2029-phrase.npy: IDR: 79.37%     MR: 11.11%      FAR: 9.52%      IDA: 1.879 ms
2183-phrase.npy: IDR: 76.56%     MR: 12.50%      FAR: 10.94%     IDA: 1.730 ms
2291-phrase.npy: IDR: 93.62%     MR: 2.13%       FAR: 4.26%      IDA: 0.969 ms
2226-phrase.npy: IDR: 33.33%     MR: 33.33%      FAR: 33.33%     IDA: 0.857 ms
2189-phrase.npy: IDR: 69.23%     MR: 12.82%      FAR: 17.95%     IDA: 2.717 ms
2380-phrase.npy: IDR: 84.27%     MR: 3.37%       FAR: 12.36%     IDA: 0.985 ms
2400-phrase.npy: IDR: 69.52%     MR: 14.29%      FAR: 16.19%     IDA: 2.126 ms
2362-phrase.npy: IDR: 74.24%     MR: 15.15%      FAR: 10.61%     IDA: 2.469 ms
2490-phrase.npy: IDR: 72.13%     MR: 5.74%       FAR: 22.13%     IDA: 0.502 ms
2458-phrase.npy: IDR: 98.28%     MR: 0.00%       FAR: 1.72%      IDA: 1.322 ms
2484-phrase.npy: IDR: 95.00%     MR: 2.14%       FAR: 2.86%      IDA: 0.912 ms
2453-phrase.npy: IDR: 60.00%     MR: 20.00%      FAR: 20.00%     IDA: 2.883 ms
2503-phrase.npy: IDR: 80.81%     MR: 13.37%      FAR: 5.81%      IDA: 2.226 ms
2494-phrase.npy: IDR: 86.15%     MR: 1.54%       FAR: 12.31%     IDA: 1.674 ms
2575-phrase.npy: IDR: 90.91%     MR: 5.68%       FAR: 3.41%      IDA: 1.266 ms
2548-phrase.npy: IDR: 62.16%     MR: 13.51%      FAR: 24.32%     IDA: 2.540 ms

identification_rate:0.8191 miss_rate:0.0894 false_alarm_rate:0.09154 identification_accuracy:0.001431

Cyste
1340-phrase.npy: IDR: 83.33%     MR: 9.65%       FAR: 7.02%      IDA: 1.782 ms
1931-phrase.npy: IDR: 94.01%     MR: 2.99%       FAR: 2.99%      IDA: 0.816 ms
1941-phrase.npy: IDR: 90.36%     MR: 5.58%       FAR: 4.06%      IDA: 0.893 ms
2137-phrase.npy: IDR: 90.30%     MR: 5.97%       FAR: 3.73%      IDA: 1.277 ms
2144-phrase.npy: IDR: 93.04%     MR: 3.48%       FAR: 3.48%      IDA: 0.782 ms
2500-phrase.npy: IDR: 100.00%    MR: 0.00%       FAR: 0.00%      IDA: 0.097 ms

identification_rate:0.9184 miss_rate:0.04613 false_alarm_rate:0.03547 identification_accuracy:0.0009411

Diplophonie
850-phrase.npy: IDR: 98.29%      MR: 1.02%       FAR: 0.68%      IDA: 0.653 ms
876-phrase.npy: IDR: 91.06%      MR: 4.07%       FAR: 4.88%      IDA: 1.227 ms
1791-phrase.npy: IDR: 100.00%    MR: 0.00%       FAR: 0.00%      IDA: 0.162 ms
1802-phrase.npy: IDR: 93.12%     MR: 1.88%       FAR: 5.00%      IDA: 1.017 ms
1904-phrase.npy: IDR: 81.67%     MR: 8.33%       FAR: 10.00%     IDA: 1.365 ms

identification_rate:0.9283 miss_rate:0.03059 false_alarm_rate:0.04112 identification_accuracy:0.0008848

Dish-Syndrom
714-phrase.npy: IDR: 100.00%     MR: 0.00%       FAR: 0.00%      IDA: 0.184 ms

identification_rate:  1.0 miss_rate:  0.0 false_alarm_rate:  0.0 identification_accuracy:0.0001838

Dysarthrophonie
921-phrase.npy: IDR: 90.48%      MR: 8.10%       FAR: 1.43%      IDA: 0.099 ms
1199-phrase.npy: IDR: 98.45%     MR: 0.52%       FAR: 1.04%      IDA: 0.201 ms
1242-phrase.npy: IDR: 100.00%    MR: 0.00%       FAR: 0.00%      IDA: 0.380 ms
1772-phrase.npy: IDR: 80.12%     MR: 9.94%       FAR: 9.94%      IDA: 1.927 ms
1948-phrase.npy: IDR: 97.00%     MR: 1.12%       FAR: 1.87%      IDA: 0.977 ms
2001-phrase.npy: IDR: 97.98%     MR: 1.01%       FAR: 1.01%      IDA: 0.264 ms
1943-phrase.npy: IDR: 97.44%     MR: 1.54%       FAR: 1.03%      IDA: 0.415 ms
2094-phrase.npy: IDR: 86.16%     MR: 6.92%       FAR: 6.92%      IDA: 1.736 ms
2032-phrase.npy: IDR: 97.64%     MR: 1.97%       FAR: 0.39%      IDA: 0.177 ms
2113-phrase.npy: IDR: 98.92%     MR: 0.54%       FAR: 0.54%      IDA: 0.159 ms
2057-phrase.npy: IDR: 97.14%     MR: 1.43%       FAR: 1.43%      IDA: 0.173 ms
2223-phrase.npy: IDR: 83.76%     MR: 5.98%       FAR: 10.26%     IDA: 1.595 ms
2130-phrase.npy: IDR: 84.26%     MR: 9.36%       FAR: 6.38%      IDA: 1.547 ms
2390-phrase.npy: IDR: 94.71%     MR: 3.53%       FAR: 1.76%      IDA: 0.582 ms
2332-phrase.npy: IDR: 81.25%     MR: 7.81%       FAR: 10.94%     IDA: 1.533 ms
2334-phrase.npy: IDR: 98.14%     MR: 1.40%       FAR: 0.47%      IDA: 0.196 ms
2295-phrase.npy: IDR: 96.72%     MR: 1.64%       FAR: 1.64%      IDA: 0.255 ms
2355-phrase.npy: IDR: 77.57%     MR: 7.48%       FAR: 14.95%     IDA: 1.943 ms
2329-phrase.npy: IDR: 94.84%     MR: 3.76%       FAR: 1.41%      IDA: 0.378 ms

identification_rate:0.9224 miss_rate:0.03896 false_alarm_rate:0.03863 identification_accuracy:0.0007652

Dysodie
367-phrase.npy: IDR: 83.21%      MR: 8.40%       FAR: 8.40%      IDA: 1.789 ms
127-phrase.npy: IDR: 90.04%      MR: 6.22%       FAR: 3.73%      IDA: 1.202 ms
567-phrase.npy: IDR: 95.24%      MR: 1.06%       FAR: 3.70%      IDA: 0.355 ms
673-phrase.npy: IDR: 94.64%      MR: 1.79%       FAR: 3.57%      IDA: 1.187 ms
830-phrase.npy: IDR: 97.14%      MR: 1.90%       FAR: 0.95%      IDA: 0.160 ms
692-phrase.npy: IDR: 94.64%      MR: 2.98%       FAR: 2.38%      IDA: 1.267 ms
907-phrase.npy: IDR: 93.48%      MR: 3.26%       FAR: 3.26%      IDA: 0.493 ms
851-phrase.npy: IDR: 81.61%      MR: 4.60%       FAR: 13.79%     IDA: 2.558 ms
1241-phrase.npy: IDR: 83.19%     MR: 8.40%       FAR: 8.40%      IDA: 1.583 ms
1203-phrase.npy: IDR: 89.52%     MR: 2.62%       FAR: 7.86%      IDA: 1.371 ms
1193-phrase.npy: IDR: 86.81%     MR: 5.96%       FAR: 7.23%      IDA: 1.489 ms
1309-phrase.npy: IDR: 92.63%     MR: 4.21%       FAR: 3.16%      IDA: 1.318 ms
1443-phrase.npy: IDR: 92.65%     MR: 1.96%       FAR: 5.39%      IDA: 0.490 ms
1454-phrase.npy: IDR: 80.25%     MR: 8.64%       FAR: 11.11%     IDA: 1.705 ms
1501-phrase.npy: IDR: 84.06%     MR: 8.70%       FAR: 7.25%      IDA: 1.796 ms
1488-phrase.npy: IDR: 99.22%     MR: 0.00%       FAR: 0.78%      IDA: 0.068 ms
1550-phrase.npy: IDR: 97.97%     MR: 1.35%       FAR: 0.68%      IDA: 0.176 ms
1581-phrase.npy: IDR: 84.36%     MR: 7.11%       FAR: 8.53%      IDA: 1.924 ms
1659-phrase.npy: IDR: 88.24%     MR: 2.94%       FAR: 8.82%      IDA: 1.763 ms
1596-phrase.npy: IDR: 83.16%     MR: 4.21%       FAR: 12.63%     IDA: 1.547 ms
1687-phrase.npy: IDR: 99.46%     MR: 0.54%       FAR: 0.00%      IDA: 0.220 ms
1759-phrase.npy: IDR: 88.33%     MR: 3.33%       FAR: 8.33%      IDA: 1.423 ms
1681-phrase.npy: IDR: 91.94%     MR: 3.23%       FAR: 4.84%      IDA: 1.003 ms
1761-phrase.npy: IDR: 78.35%     MR: 11.34%      FAR: 10.31%     IDA: 2.095 ms
1793-phrase.npy: IDR: 99.47%     MR: 0.00%       FAR: 0.53%      IDA: 0.110 ms
1799-phrase.npy: IDR: 97.47%     MR: 0.00%       FAR: 2.53%      IDA: 0.827 ms
2074-phrase.npy: IDR: 87.41%     MR: 5.19%       FAR: 7.41%      IDA: 1.592 ms
1981-phrase.npy: IDR: 92.27%     MR: 2.42%       FAR: 5.31%      IDA: 1.151 ms
2102-phrase.npy: IDR: 83.82%     MR: 7.35%       FAR: 8.82%      IDA: 1.680 ms
2061-phrase.npy: IDR: 99.12%     MR: 0.88%       FAR: 0.00%      IDA: 0.140 ms
1813-phrase.npy: IDR: 85.86%     MR: 5.76%       FAR: 8.38%      IDA: 1.746 ms
2068-phrase.npy: IDR: 95.07%     MR: 4.23%       FAR: 0.70%      IDA: 0.268 ms
2103-phrase.npy: IDR: 97.99%     MR: 1.34%       FAR: 0.67%      IDA: 0.453 ms
2143-phrase.npy: IDR: 80.28%     MR: 10.56%      FAR: 9.15%      IDA: 1.552 ms
2184-phrase.npy: IDR: 75.63%     MR: 10.08%      FAR: 14.29%     IDA: 2.232 ms
2290-phrase.npy: IDR: 90.14%     MR: 4.93%       FAR: 4.93%      IDA: 0.845 ms
2187-phrase.npy: IDR: 90.53%     MR: 6.51%       FAR: 2.96%      IDA: 1.017 ms
2222-phrase.npy: IDR: 87.28%     MR: 5.78%       FAR: 6.94%      IDA: 1.165 ms
2114-phrase.npy: IDR: 86.39%     MR: 6.51%       FAR: 7.10%      IDA: 2.023 ms
2124-phrase.npy: IDR: 94.86%     MR: 1.40%       FAR: 3.74%      IDA: 0.974 ms
2313-phrase.npy: IDR: 97.14%     MR: 1.90%       FAR: 0.95%      IDA: 0.405 ms
2309-phrase.npy: IDR: 88.37%     MR: 3.49%       FAR: 8.14%      IDA: 1.689 ms
2308-phrase.npy: IDR: 84.77%     MR: 7.95%       FAR: 7.28%      IDA: 1.869 ms
2364-phrase.npy: IDR: 86.61%     MR: 5.51%       FAR: 7.87%      IDA: 1.625 ms
2335-phrase.npy: IDR: 85.27%     MR: 5.43%       FAR: 9.30%      IDA: 1.759 ms
2327-phrase.npy: IDR: 98.40%     MR: 1.60%       FAR: 0.00%      IDA: 0.362 ms
2322-phrase.npy: IDR: 85.14%     MR: 6.31%       FAR: 8.56%      IDA: 1.548 ms
2354-phrase.npy: IDR: 83.74%     MR: 7.32%       FAR: 8.94%      IDA: 0.835 ms
2371-phrase.npy: IDR: 88.21%     MR: 4.25%       FAR: 7.55%      IDA: 1.218 ms
2474-phrase.npy: IDR: 96.88%     MR: 2.08%       FAR: 1.04%      IDA: 0.220 ms
2398-phrase.npy: IDR: 92.12%     MR: 3.03%       FAR: 4.85%      IDA: 1.144 ms
2475-phrase.npy: IDR: 89.14%     MR: 5.71%       FAR: 5.14%      IDA: 1.246 ms
2486-phrase.npy: IDR: 76.52%     MR: 8.70%       FAR: 14.78%     IDA: 1.529 ms
2524-phrase.npy: IDR: 95.19%     MR: 3.85%       FAR: 0.96%      IDA: 0.332 ms
2552-phrase.npy: IDR: 92.75%     MR: 5.80%       FAR: 1.45%      IDA: 0.434 ms
2558-phrase.npy: IDR: 99.38%     MR: 0.00%       FAR: 0.62%      IDA: 0.093 ms

identification_rate:0.8988 miss_rate:0.04475 false_alarm_rate:0.05643 identification_accuracy:0.001126

Dysphonie
368-phrase.npy: IDR: 98.86%      MR: 0.00%       FAR: 1.14%      IDA: 0.119 ms
446-phrase.npy: IDR: 100.00%     MR: 0.00%       FAR: 0.00%      IDA: 0.207 ms
445-phrase.npy: IDR: 89.47%      MR: 3.51%       FAR: 7.02%      IDA: 1.600 ms
449-phrase.npy: IDR: 97.86%      MR: 0.00%       FAR: 2.14%      IDA: 0.182 ms
494-phrase.npy: IDR: 93.69%      MR: 2.91%       FAR: 3.40%      IDA: 0.740 ms
495-phrase.npy: IDR: 98.10%      MR: 1.90%       FAR: 0.00%      IDA: 0.142 ms
561-phrase.npy: IDR: 61.54%      MR: 25.00%      FAR: 13.46%     IDA: 2.376 ms
451-phrase.npy: IDR: 82.58%      MR: 7.87%       FAR: 9.55%      IDA: 1.521 ms
742-phrase.npy: IDR: 99.32%      MR: 0.68%       FAR: 0.00%      IDA: 0.192 ms
674-phrase.npy: IDR: 73.45%      MR: 14.16%      FAR: 12.39%     IDA: 2.076 ms
872-phrase.npy: IDR: 89.06%      MR: 5.47%       FAR: 5.47%      IDA: 1.093 ms
916-phrase.npy: IDR: 100.00%     MR: 0.00%       FAR: 0.00%      IDA: 0.188 ms
1187-phrase.npy: IDR: 75.76%     MR: 12.12%      FAR: 12.12%     IDA: 2.150 ms
925-phrase.npy: IDR: 98.44%      MR: 0.00%       FAR: 1.56%      IDA: 0.425 ms
1194-phrase.npy: IDR: 97.37%     MR: 1.32%       FAR: 1.32%      IDA: 0.210 ms
1086-phrase.npy: IDR: 92.47%     MR: 7.53%       FAR: 0.00%      IDA: 0.085 ms
1057-phrase.npy: IDR: 67.33%     MR: 18.67%      FAR: 14.00%     IDA: 1.873 ms
1247-phrase.npy: IDR: 55.81%     MR: 20.93%      FAR: 23.26%     IDA: 1.734 ms
1219-phrase.npy: IDR: 76.38%     MR: 13.39%      FAR: 10.24%     IDA: 1.627 ms
1250-phrase.npy: IDR: 90.07%     MR: 6.38%       FAR: 3.55%      IDA: 0.114 ms
1276-phrase.npy: IDR: 86.36%     MR: 4.55%       FAR: 9.09%      IDA: 1.802 ms
1248-phrase.npy: IDR: 98.99%     MR: 0.00%       FAR: 1.01%      IDA: 0.137 ms
1312-phrase.npy: IDR: 62.90%     MR: 20.97%      FAR: 16.13%     IDA: 2.747 ms
1387-phrase.npy: IDR: 100.00%    MR: 0.00%       FAR: 0.00%      IDA: 0.121 ms
1453-phrase.npy: IDR: 93.64%     MR: 2.73%       FAR: 3.64%      IDA: 1.037 ms
1455-phrase.npy: IDR: 99.06%     MR: 0.94%       FAR: 0.00%      IDA: 0.141 ms
1597-phrase.npy: IDR: 100.00%    MR: 0.00%       FAR: 0.00%      IDA: 0.078 ms
1457-phrase.npy: IDR: 99.50%     MR: 0.50%       FAR: 0.00%      IDA: 0.915 ms
1580-phrase.npy: IDR: 100.00%    MR: 0.00%       FAR: 0.00%      IDA: 0.168 ms
1485-phrase.npy: IDR: 74.47%     MR: 12.06%      FAR: 13.48%     IDA: 2.249 ms
1628-phrase.npy: IDR: 99.39%     MR: 0.61%       FAR: 0.00%      IDA: 0.105 ms
1633-phrase.npy: IDR: 91.88%     MR: 1.25%       FAR: 6.88%      IDA: 1.209 ms
1502-phrase.npy: IDR: 93.58%     MR: 2.29%       FAR: 4.13%      IDA: 1.252 ms
1657-phrase.npy: IDR: 88.79%     MR: 0.86%       FAR: 10.34%     IDA: 0.103 ms
1636-phrase.npy: IDR: 91.87%     MR: 3.83%       FAR: 4.31%      IDA: 1.044 ms
1751-phrase.npy: IDR: 100.00%    MR: 0.00%       FAR: 0.00%      IDA: 0.090 ms
1718-phrase.npy: IDR: 88.46%     MR: 4.81%       FAR: 6.73%      IDA: 1.551 ms
1768-phrase.npy: IDR: 94.57%     MR: 1.09%       FAR: 4.35%      IDA: 1.173 ms
1894-phrase.npy: IDR: 92.06%     MR: 4.76%       FAR: 3.17%      IDA: 0.851 ms
1833-phrase.npy: IDR: 93.36%     MR: 1.42%       FAR: 5.21%      IDA: 0.869 ms
2000-phrase.npy: IDR: 100.00%    MR: 0.00%       FAR: 0.00%      IDA: 0.224 ms
1984-phrase.npy: IDR: 91.97%     MR: 5.11%       FAR: 2.92%      IDA: 0.602 ms
2028-phrase.npy: IDR: 96.77%     MR: 1.08%       FAR: 2.15%      IDA: 0.175 ms
2087-phrase.npy: IDR: 88.00%     MR: 4.00%       FAR: 8.00%      IDA: 1.625 ms
2066-phrase.npy: IDR: 100.00%    MR: 0.00%       FAR: 0.00%      IDA: 0.300 ms
2019-phrase.npy: IDR: 47.83%     MR: 21.74%      FAR: 30.43%     IDA: 1.807 ms
2096-phrase.npy: IDR: 97.44%     MR: 0.85%       FAR: 1.71%      IDA: 0.177 ms
2091-phrase.npy: IDR: 95.41%     MR: 1.53%       FAR: 3.06%      IDA: 0.859 ms
2016-phrase.npy: IDR: 95.87%     MR: 0.83%       FAR: 3.31%      IDA: 0.204 ms
2097-phrase.npy: IDR: 94.58%     MR: 0.99%       FAR: 4.43%      IDA: 0.524 ms
2117-phrase.npy: IDR: 93.71%     MR: 2.80%       FAR: 3.50%      IDA: 1.293 ms
2118-phrase.npy: IDR: 98.64%     MR: 0.68%       FAR: 0.68%      IDA: 0.195 ms
2125-phrase.npy: IDR: 100.00%    MR: 0.00%       FAR: 0.00%      IDA: 0.477 ms
2152-phrase.npy: IDR: 97.50%     MR: 1.67%       FAR: 0.83%      IDA: 0.286 ms
2106-phrase.npy: IDR: 90.00%     MR: 3.60%       FAR: 6.40%      IDA: 1.323 ms
2126-phrase.npy: IDR: 100.00%    MR: 0.00%       FAR: 0.00%      IDA: 0.403 ms
2119-phrase.npy: IDR: 90.00%     MR: 3.53%       FAR: 6.47%      IDA: 1.273 ms
2120-phrase.npy: IDR: 95.80%     MR: 0.00%       FAR: 4.20%      IDA: 0.128 ms
2147-phrase.npy: IDR: 87.18%     MR: 4.49%       FAR: 8.33%      IDA: 1.512 ms
2127-phrase.npy: IDR: 75.25%     MR: 7.92%       FAR: 16.83%     IDA: 2.276 ms
2226-phrase.npy: IDR: 33.33%     MR: 33.33%      FAR: 33.33%     IDA: 0.857 ms
2217-phrase.npy: IDR: 68.42%     MR: 13.53%      FAR: 18.05%     IDA: 2.095 ms
2154-phrase.npy: IDR: 100.00%    MR: 0.00%       FAR: 0.00%      IDA: 0.126 ms
2219-phrase.npy: IDR: 99.45%     MR: 0.55%       FAR: 0.00%      IDA: 0.239 ms
2238-phrase.npy: IDR: 65.75%     MR: 12.33%      FAR: 21.92%     IDA: 2.460 ms
2311-phrase.npy: IDR: 75.21%     MR: 12.40%      FAR: 12.40%     IDA: 1.791 ms
2309-phrase.npy: IDR: 88.37%     MR: 3.49%       FAR: 8.14%      IDA: 1.689 ms
2266-phrase.npy: IDR: 92.52%     MR: 3.74%       FAR: 3.74%      IDA: 0.903 ms
2326-phrase.npy: IDR: 99.02%     MR: 0.98%       FAR: 0.00%      IDA: 0.165 ms
2323-phrase.npy: IDR: 98.14%     MR: 1.86%       FAR: 0.00%      IDA: 0.289 ms
2347-phrase.npy: IDR: 92.95%     MR: 3.85%       FAR: 3.21%      IDA: 0.811 ms
2333-phrase.npy: IDR: 91.22%     MR: 4.73%       FAR: 4.05%      IDA: 0.888 ms
2356-phrase.npy: IDR: 96.88%     MR: 1.56%       FAR: 1.56%      IDA: 0.193 ms
2350-phrase.npy: IDR: 92.05%     MR: 3.41%       FAR: 4.55%      IDA: 1.372 ms
2348-phrase.npy: IDR: 92.36%     MR: 6.94%       FAR: 0.69%      IDA: 0.255 ms
2325-phrase.npy: IDR: 97.93%     MR: 2.07%       FAR: 0.00%      IDA: 0.367 ms
2366-phrase.npy: IDR: 93.02%     MR: 3.72%       FAR: 3.26%      IDA: 0.749 ms
2369-phrase.npy: IDR: 97.97%     MR: 1.35%       FAR: 0.68%      IDA: 1.392 ms
2387-phrase.npy: IDR: 89.29%     MR: 5.61%       FAR: 5.10%      IDA: 1.480 ms
2388-phrase.npy: IDR: 88.50%     MR: 4.50%       FAR: 7.00%      IDA: 1.312 ms
2384-phrase.npy: IDR: 96.37%     MR: 2.59%       FAR: 1.04%      IDA: 0.734 ms
2401-phrase.npy: IDR: 96.49%     MR: 0.58%       FAR: 2.92%      IDA: 0.974 ms
2389-phrase.npy: IDR: 88.63%     MR: 5.69%       FAR: 5.69%      IDA: 1.715 ms
2422-phrase.npy: IDR: 65.22%     MR: 18.48%      FAR: 16.30%     IDA: 2.248 ms
2391-phrase.npy: IDR: 70.62%     MR: 15.00%      FAR: 14.37%     IDA: 2.326 ms
2392-phrase.npy: IDR: 99.07%     MR: 0.00%       FAR: 0.93%      IDA: 0.173 ms
2428-phrase.npy: IDR: 84.09%     MR: 5.30%       FAR: 10.61%     IDA: 1.611 ms
2405-phrase.npy: IDR: 95.33%     MR: 2.00%       FAR: 2.67%      IDA: 0.973 ms
2488-phrase.npy: IDR: 97.50%     MR: 1.67%       FAR: 0.83%      IDA: 0.229 ms
2436-phrase.npy: IDR: 99.43%     MR: 0.57%       FAR: 0.00%      IDA: 0.111 ms
2530-phrase.npy: IDR: 65.74%     MR: 14.81%      FAR: 19.44%     IDA: 2.430 ms
2461-phrase.npy: IDR: 97.44%     MR: 1.03%       FAR: 1.54%      IDA: 0.219 ms
2456-phrase.npy: IDR: 79.80%     MR: 8.08%       FAR: 12.12%     IDA: 1.381 ms
2544-phrase.npy: IDR: 84.62%     MR: 5.92%       FAR: 9.47%      IDA: 1.829 ms
2559-phrase.npy: IDR: 99.21%     MR: 0.79%       FAR: 0.00%      IDA: 0.416 ms
2537-phrase.npy: IDR: 96.34%     MR: 2.03%       FAR: 1.63%      IDA: 1.032 ms
2607-phrase.npy: IDR: 94.44%     MR: 3.17%       FAR: 2.38%      IDA: 0.933 ms
2575-phrase.npy: IDR: 90.91%     MR: 5.68%       FAR: 3.41%      IDA: 1.266 ms
2608-phrase.npy: IDR: 100.00%    MR: 0.00%       FAR: 0.00%      IDA: 0.277 ms
2583-phrase.npy: IDR: 83.93%     MR: 8.48%       FAR: 7.59%      IDA: 1.560 ms
2596-phrase.npy: IDR: 96.11%     MR: 1.41%       FAR: 2.47%      IDA: 0.177 ms

identification_rate:0.8966 miss_rate:0.04837 false_alarm_rate:0.05499 identification_accuracy:0.0009307

Dysplastische Dysphonie
1649-phrase.npy: IDR: 100.00%    MR: 0.00%       FAR: 0.00%      IDA: 0.128 ms

identification_rate:  1.0 miss_rate:  0.0 false_alarm_rate:  0.0 identification_accuracy:0.0001278

Dysplastischer Kehlkopf
820-phrase.npy: IDR: 95.03%      MR: 2.48%       FAR: 2.48%      IDA: 0.977 ms

identification_rate:0.9503 miss_rate:0.02484 false_alarm_rate:0.02484 identification_accuracy:0.000977

Epiglottiskarzinom
1047-phrase.npy: IDR: 85.71%     MR: 7.37%       FAR: 6.91%      IDA: 1.667 ms

identification_rate:0.8571 miss_rate:0.07373 false_alarm_rate:0.06912 identification_accuracy:0.001667

Fibrom
106-phrase.npy: IDR: 98.21%      MR: 0.00%       FAR: 1.79%      IDA: 0.170 ms
1781-phrase.npy: IDR: 84.52%     MR: 6.55%       FAR: 8.93%      IDA: 1.680 ms

identification_rate:0.9137 miss_rate:0.03274 false_alarm_rate:0.0536 identification_accuracy:0.0009254

Frontolaterale Teilresektion
815-phrase.npy: IDR: 72.50%      MR: 11.25%      FAR: 16.25%     IDA: 2.699 ms
936-phrase.npy: IDR: 68.18%      MR: 13.64%      FAR: 18.18%     IDA: 2.647 ms
1191-phrase.npy: IDR: 89.66%     MR: 6.90%       FAR: 3.45%      IDA: 1.546 ms
1162-phrase.npy: IDR: 55.38%     MR: 1.54%       FAR: 43.08%     IDA: 1.677 ms
891-phrase.npy: IDR: 78.38%      MR: 8.11%       FAR: 13.51%     IDA: 1.214 ms
1232-phrase.npy: IDR: 72.73%     MR: 18.18%      FAR: 9.09%      IDA: 2.305 ms
1165-phrase.npy: IDR: 82.46%     MR: 7.02%       FAR: 10.53%     IDA: 1.260 ms
1267-phrase.npy: IDR: 84.81%     MR: 13.92%      FAR: 1.27%      IDA: 1.375 ms
1234-phrase.npy: IDR: 96.72%     MR: 3.28%       FAR: 0.00%      IDA: 0.577 ms
1238-phrase.npy: IDR: 79.80%     MR: 11.11%      FAR: 9.09%      IDA: 1.508 ms
1243-phrase.npy: IDR: 62.07%     MR: 20.69%      FAR: 17.24%     IDA: 1.813 ms
1279-phrase.npy: IDR: 100.00%    MR: 0.00%       FAR: 0.00%      IDA: 0.477 ms
1313-phrase.npy: IDR: 99.30%     MR: 0.00%       FAR: 0.70%      IDA: 0.310 ms
1409-phrase.npy: IDR: 69.12%     MR: 17.65%      FAR: 13.24%     IDA: 2.407 ms
1446-phrase.npy: IDR: 81.82%     MR: 7.27%       FAR: 10.91%     IDA: 2.268 ms
1561-phrase.npy: IDR: 63.64%     MR: 21.97%      FAR: 14.39%     IDA: 2.072 ms
1487-phrase.npy: IDR: 92.00%     MR: 3.43%       FAR: 4.57%      IDA: 1.289 ms
1490-phrase.npy: IDR: 87.78%     MR: 6.67%       FAR: 5.56%      IDA: 1.793 ms
1634-phrase.npy: IDR: 84.09%     MR: 7.95%       FAR: 7.95%      IDA: 1.937 ms
1558-phrase.npy: IDR: 97.01%     MR: 1.80%       FAR: 1.20%      IDA: 0.225 ms
1756-phrase.npy: IDR: 82.50%     MR: 8.33%       FAR: 9.17%      IDA: 1.533 ms
1635-phrase.npy: IDR: 68.22%     MR: 13.18%      FAR: 18.60%     IDA: 1.905 ms
1749-phrase.npy: IDR: 73.39%     MR: 18.35%      FAR: 8.26%      IDA: 2.521 ms
1692-phrase.npy: IDR: 66.67%     MR: 22.22%      FAR: 11.11%     IDA: 0.543 ms
1720-phrase.npy: IDR: 91.14%     MR: 3.80%       FAR: 5.06%      IDA: 1.117 ms
1808-phrase.npy: IDR: 96.41%     MR: 0.00%       FAR: 3.59%      IDA: 0.445 ms
1716-phrase.npy: IDR: 61.90%     MR: 22.45%      FAR: 15.65%     IDA: 2.550 ms
1949-phrase.npy: IDR: 70.92%     MR: 14.18%      FAR: 14.89%     IDA: 1.477 ms
2383-phrase.npy: IDR: 79.03%     MR: 6.45%       FAR: 14.52%     IDA: 2.333 ms
1913-phrase.npy: IDR: 40.00%     MR: 40.00%      FAR: 20.00%     IDA: 1.812 ms
2011-phrase.npy: IDR: 93.57%     MR: 1.75%       FAR: 4.68%      IDA: 0.349 ms
2131-phrase.npy: IDR: 100.00%    MR: 0.00%       FAR: 0.00%      IDA: 1.359 ms
2386-phrase.npy: IDR: 77.68%     MR: 6.25%       FAR: 16.07%     IDA: 1.834 ms
2437-phrase.npy: IDR: 89.09%     MR: 4.55%       FAR: 6.36%      IDA: 1.248 ms
2456-phrase.npy: IDR: 79.80%     MR: 8.08%       FAR: 12.12%     IDA: 1.381 ms

identification_rate:0.7965 miss_rate:0.1006 false_alarm_rate:0.1029 identification_accuracy:0.001537

Funktionelle Dysphonie
350-phrase.npy: IDR: 90.23%      MR: 4.51%       FAR: 5.26%      IDA: 1.640 ms
631-phrase.npy: IDR: 99.10%      MR: 0.00%       FAR: 0.90%      IDA: 0.210 ms
351-phrase.npy: IDR: 90.66%      MR: 5.49%       FAR: 3.85%      IDA: 1.111 ms
634-phrase.npy: IDR: 98.70%      MR: 0.65%       FAR: 0.65%      IDA: 0.158 ms
718-phrase.npy: IDR: 84.67%      MR: 2.92%       FAR: 12.41%     IDA: 0.500 ms
722-phrase.npy: IDR: 99.05%      MR: 0.47%       FAR: 0.47%      IDA: 0.347 ms
729-phrase.npy: IDR: 80.77%      MR: 10.26%      FAR: 8.97%      IDA: 2.190 ms
730-phrase.npy: IDR: 99.52%      MR: 0.00%       FAR: 0.48%      IDA: 0.141 ms
723-phrase.npy: IDR: 89.16%      MR: 7.23%       FAR: 3.61%      IDA: 0.414 ms
727-phrase.npy: IDR: 93.33%      MR: 2.78%       FAR: 3.89%      IDA: 0.999 ms
870-phrase.npy: IDR: 72.34%      MR: 13.83%      FAR: 13.83%     IDA: 2.233 ms
878-phrase.npy: IDR: 93.02%      MR: 0.78%       FAR: 6.20%      IDA: 0.639 ms
851-phrase.npy: IDR: 81.61%      MR: 4.60%       FAR: 13.79%     IDA: 2.558 ms
1200-phrase.npy: IDR: 92.45%     MR: 2.83%       FAR: 4.72%      IDA: 0.670 ms
1230-phrase.npy: IDR: 99.19%     MR: 0.00%       FAR: 0.81%      IDA: 0.117 ms
913-phrase.npy: IDR: 70.21%      MR: 12.06%      FAR: 17.73%     IDA: 1.883 ms
1240-phrase.npy: IDR: 86.07%     MR: 5.74%       FAR: 8.20%      IDA: 1.610 ms
1241-phrase.npy: IDR: 83.19%     MR: 8.40%       FAR: 8.40%      IDA: 1.583 ms
1244-phrase.npy: IDR: 74.83%     MR: 12.59%      FAR: 12.59%     IDA: 2.130 ms
1254-phrase.npy: IDR: 69.44%     MR: 17.36%      FAR: 13.19%     IDA: 2.638 ms
1193-phrase.npy: IDR: 86.81%     MR: 5.96%       FAR: 7.23%      IDA: 1.489 ms
1309-phrase.npy: IDR: 92.63%     MR: 4.21%       FAR: 3.16%      IDA: 1.318 ms
1318-phrase.npy: IDR: 94.51%     MR: 4.40%       FAR: 1.10%      IDA: 0.172 ms
1281-phrase.npy: IDR: 73.30%     MR: 12.04%      FAR: 14.66%     IDA: 2.190 ms
1328-phrase.npy: IDR: 94.44%     MR: 4.44%       FAR: 1.11%      IDA: 0.186 ms
1258-phrase.npy: IDR: 98.80%     MR: 1.20%       FAR: 0.00%      IDA: 0.192 ms
1322-phrase.npy: IDR: 82.00%     MR: 12.00%      FAR: 6.00%      IDA: 2.255 ms
1400-phrase.npy: IDR: 90.32%     MR: 4.03%       FAR: 5.65%      IDA: 1.762 ms
1415-phrase.npy: IDR: 75.47%     MR: 11.32%      FAR: 13.21%     IDA: 1.551 ms
1432-phrase.npy: IDR: 89.93%     MR: 4.32%       FAR: 5.76%      IDA: 0.959 ms
1435-phrase.npy: IDR: 81.19%     MR: 4.95%       FAR: 13.86%     IDA: 1.560 ms
1326-phrase.npy: IDR: 90.00%     MR: 5.29%       FAR: 4.71%      IDA: 0.991 ms
1441-phrase.npy: IDR: 90.91%     MR: 5.19%       FAR: 3.90%      IDA: 1.358 ms
1552-phrase.npy: IDR: 88.79%     MR: 4.31%       FAR: 6.90%      IDA: 0.745 ms
1611-phrase.npy: IDR: 91.14%     MR: 1.27%       FAR: 7.59%      IDA: 1.063 ms
1609-phrase.npy: IDR: 69.77%     MR: 13.37%      FAR: 16.86%     IDA: 2.714 ms
1627-phrase.npy: IDR: 69.33%     MR: 14.00%      FAR: 16.67%     IDA: 2.386 ms
1589-phrase.npy: IDR: 91.50%     MR: 4.50%       FAR: 4.00%      IDA: 1.263 ms
1642-phrase.npy: IDR: 100.00%    MR: 0.00%       FAR: 0.00%      IDA: 0.093 ms
1659-phrase.npy: IDR: 88.24%     MR: 2.94%       FAR: 8.82%      IDA: 1.763 ms
1645-phrase.npy: IDR: 93.41%     MR: 2.75%       FAR: 3.85%      IDA: 1.013 ms
1680-phrase.npy: IDR: 64.96%     MR: 17.95%      FAR: 17.09%     IDA: 2.044 ms
1640-phrase.npy: IDR: 89.85%     MR: 5.58%       FAR: 4.57%      IDA: 1.137 ms
1685-phrase.npy: IDR: 90.67%     MR: 5.33%       FAR: 4.00%      IDA: 1.939 ms
1688-phrase.npy: IDR: 80.00%     MR: 7.37%       FAR: 12.63%     IDA: 2.129 ms
1681-phrase.npy: IDR: 91.94%     MR: 3.23%       FAR: 4.84%      IDA: 1.003 ms
1694-phrase.npy: IDR: 83.65%     MR: 5.03%       FAR: 11.32%     IDA: 2.107 ms
1798-phrase.npy: IDR: 96.47%     MR: 2.35%       FAR: 1.18%      IDA: 0.407 ms
1827-phrase.npy: IDR: 100.00%    MR: 0.00%       FAR: 0.00%      IDA: 0.128 ms
1742-phrase.npy: IDR: 82.55%     MR: 7.38%       FAR: 10.07%     IDA: 1.993 ms
1801-phrase.npy: IDR: 68.70%     MR: 14.78%      FAR: 16.52%     IDA: 1.889 ms
1824-phrase.npy: IDR: 89.88%     MR: 5.26%       FAR: 4.86%      IDA: 0.966 ms
1899-phrase.npy: IDR: 90.70%     MR: 2.33%       FAR: 6.98%      IDA: 0.824 ms
1862-phrase.npy: IDR: 81.33%     MR: 6.02%       FAR: 12.65%     IDA: 1.757 ms
1935-phrase.npy: IDR: 86.83%     MR: 5.99%       FAR: 7.19%      IDA: 1.480 ms
1958-phrase.npy: IDR: 92.51%     MR: 2.67%       FAR: 4.81%      IDA: 1.317 ms
1936-phrase.npy: IDR: 79.86%     MR: 9.72%       FAR: 10.42%     IDA: 1.899 ms
2006-phrase.npy: IDR: 99.35%     MR: 0.65%       FAR: 0.00%      IDA: 0.234 ms
1977-phrase.npy: IDR: 80.37%     MR: 9.35%       FAR: 10.28%     IDA: 2.092 ms
2123-phrase.npy: IDR: 88.10%     MR: 5.56%       FAR: 6.35%      IDA: 1.505 ms
1966-phrase.npy: IDR: 81.58%     MR: 8.77%       FAR: 9.65%      IDA: 1.682 ms
2231-phrase.npy: IDR: 98.14%     MR: 0.62%       FAR: 1.24%      IDA: 0.101 ms
2290-phrase.npy: IDR: 90.14%     MR: 4.93%       FAR: 4.93%      IDA: 0.845 ms
2112-phrase.npy: IDR: 77.48%     MR: 9.93%       FAR: 12.58%     IDA: 2.259 ms
2297-phrase.npy: IDR: 90.51%     MR: 3.80%       FAR: 5.70%      IDA: 1.403 ms
2267-phrase.npy: IDR: 83.72%     MR: 7.44%       FAR: 8.84%      IDA: 1.659 ms
2302-phrase.npy: IDR: 82.89%     MR: 7.89%       FAR: 9.21%      IDA: 1.300 ms
2265-phrase.npy: IDR: 95.07%     MR: 3.45%       FAR: 1.48%      IDA: 0.568 ms
2303-phrase.npy: IDR: 88.29%     MR: 6.31%       FAR: 5.41%      IDA: 1.371 ms
2308-phrase.npy: IDR: 84.77%     MR: 7.95%       FAR: 7.28%      IDA: 1.869 ms
2312-phrase.npy: IDR: 79.58%     MR: 9.15%       FAR: 11.27%     IDA: 1.887 ms
2313-phrase.npy: IDR: 97.14%     MR: 1.90%       FAR: 0.95%      IDA: 0.405 ms
2310-phrase.npy: IDR: 94.95%     MR: 3.03%       FAR: 2.02%      IDA: 0.950 ms
2360-phrase.npy: IDR: 83.61%     MR: 4.10%       FAR: 12.30%     IDA: 1.257 ms
2357-phrase.npy: IDR: 88.64%     MR: 4.55%       FAR: 6.82%      IDA: 0.936 ms
2359-phrase.npy: IDR: 80.30%     MR: 12.12%      FAR: 7.58%      IDA: 1.746 ms
2318-phrase.npy: IDR: 100.00%    MR: 0.00%       FAR: 0.00%      IDA: 0.133 ms
2327-phrase.npy: IDR: 98.40%     MR: 1.60%       FAR: 0.00%      IDA: 0.362 ms
2314-phrase.npy: IDR: 96.93%     MR: 1.84%       FAR: 1.23%      IDA: 0.522 ms
2336-phrase.npy: IDR: 98.92%     MR: 0.54%       FAR: 0.54%      IDA: 0.182 ms
2340-phrase.npy: IDR: 99.25%     MR: 0.00%       FAR: 0.75%      IDA: 0.099 ms
2382-phrase.npy: IDR: 92.74%     MR: 4.84%       FAR: 2.42%      IDA: 0.808 ms
2410-phrase.npy: IDR: 100.00%    MR: 0.00%       FAR: 0.00%      IDA: 0.436 ms
2365-phrase.npy: IDR: 91.30%     MR: 2.17%       FAR: 6.52%      IDA: 0.265 ms
2417-phrase.npy: IDR: 98.45%     MR: 0.52%       FAR: 1.04%      IDA: 0.087 ms
2413-phrase.npy: IDR: 98.00%     MR: 1.00%       FAR: 1.00%      IDA: 0.981 ms
2416-phrase.npy: IDR: 82.56%     MR: 9.30%       FAR: 8.14%      IDA: 1.933 ms
2419-phrase.npy: IDR: 99.38%     MR: 0.62%       FAR: 0.00%      IDA: 0.388 ms
2367-phrase.npy: IDR: 95.27%     MR: 1.18%       FAR: 3.55%      IDA: 0.781 ms
2429-phrase.npy: IDR: 89.74%     MR: 1.71%       FAR: 8.55%      IDA: 0.205 ms
2427-phrase.npy: IDR: 94.15%     MR: 1.60%       FAR: 4.26%      IDA: 0.836 ms
2442-phrase.npy: IDR: 93.10%     MR: 1.72%       FAR: 5.17%      IDA: 1.263 ms
2431-phrase.npy: IDR: 80.43%     MR: 9.78%       FAR: 9.78%      IDA: 2.008 ms
2446-phrase.npy: IDR: 84.15%     MR: 7.32%       FAR: 8.54%      IDA: 1.100 ms
2432-phrase.npy: IDR: 68.33%     MR: 16.67%      FAR: 15.00%     IDA: 1.861 ms
2444-phrase.npy: IDR: 98.10%     MR: 1.90%       FAR: 0.00%      IDA: 0.132 ms
2445-phrase.npy: IDR: 83.87%     MR: 8.29%       FAR: 7.83%      IDA: 1.467 ms
2448-phrase.npy: IDR: 95.56%     MR: 2.67%       FAR: 1.78%      IDA: 1.142 ms
2459-phrase.npy: IDR: 87.74%     MR: 6.60%       FAR: 5.66%      IDA: 1.451 ms
2477-phrase.npy: IDR: 83.89%     MR: 6.11%       FAR: 10.00%     IDA: 1.742 ms
2497-phrase.npy: IDR: 99.15%     MR: 0.00%       FAR: 0.85%      IDA: 0.081 ms
2457-phrase.npy: IDR: 95.20%     MR: 2.95%       FAR: 1.85%      IDA: 1.024 ms
2483-phrase.npy: IDR: 90.64%     MR: 4.68%       FAR: 4.68%      IDA: 0.561 ms
2502-phrase.npy: IDR: 95.53%     MR: 2.23%       FAR: 2.23%      IDA: 0.985 ms
2505-phrase.npy: IDR: 80.00%     MR: 6.67%       FAR: 13.33%     IDA: 2.121 ms
2504-phrase.npy: IDR: 82.26%     MR: 12.90%      FAR: 4.84%      IDA: 1.219 ms
2524-phrase.npy: IDR: 95.19%     MR: 3.85%       FAR: 0.96%      IDA: 0.332 ms
2499-phrase.npy: IDR: 85.57%     MR: 6.47%       FAR: 7.96%      IDA: 1.850 ms
2481-phrase.npy: IDR: 99.70%     MR: 0.00%       FAR: 0.30%      IDA: 0.186 ms
2506-phrase.npy: IDR: 54.30%     MR: 3.76%       FAR: 41.94%     IDA: 2.285 ms
2601-phrase.npy: IDR: 82.05%     MR: 4.49%       FAR: 13.46%     IDA: 1.080 ms
2528-phrase.npy: IDR: 89.07%     MR: 5.30%       FAR: 5.63%      IDA: 1.694 ms

identification_rate:0.8816 miss_rate:0.05257 false_alarm_rate:0.06587 identification_accuracy:0.001174

GERD
1117-phrase.npy: IDR: 96.97%     MR: 0.00%       FAR: 3.03%      IDA: 0.184 ms
1218-phrase.npy: IDR: 99.11%     MR: 0.00%       FAR: 0.89%      IDA: 0.132 ms
1551-phrase.npy: IDR: 100.00%    MR: 0.00%       FAR: 0.00%      IDA: 0.246 ms

identification_rate:0.9869 miss_rate:  0.0 false_alarm_rate:0.01308 identification_accuracy:0.0001875

Gesangsstimme
154-phrase.npy: IDR: 85.53%      MR: 7.89%       FAR: 6.58%      IDA: 1.459 ms
822-phrase.npy: IDR: 88.08%      MR: 5.30%       FAR: 6.62%      IDA: 1.116 ms
666-phrase.npy: IDR: 76.92%      MR: 12.82%      FAR: 10.26%     IDA: 2.414 ms
817-phrase.npy: IDR: 91.14%      MR: 5.06%       FAR: 3.80%      IDA: 1.174 ms
1038-phrase.npy: IDR: 85.39%     MR: 6.18%       FAR: 8.43%      IDA: 1.479 ms
939-phrase.npy: IDR: 99.48%      MR: 0.00%       FAR: 0.52%      IDA: 0.070 ms
1041-phrase.npy: IDR: 83.10%     MR: 7.75%       FAR: 9.15%      IDA: 1.592 ms
1224-phrase.npy: IDR: 97.92%     MR: 0.00%       FAR: 2.08%      IDA: 0.088 ms
1160-phrase.npy: IDR: 97.67%     MR: 1.86%       FAR: 0.47%      IDA: 0.128 ms
1275-phrase.npy: IDR: 77.37%     MR: 10.22%      FAR: 12.41%     IDA: 1.764 ms
1286-phrase.npy: IDR: 95.60%     MR: 1.89%       FAR: 2.52%      IDA: 1.066 ms
1588-phrase.npy: IDR: 82.35%     MR: 5.88%       FAR: 11.76%     IDA: 1.222 ms
1600-phrase.npy: IDR: 81.54%     MR: 6.15%       FAR: 12.31%     IDA: 1.957 ms
1574-phrase.npy: IDR: 60.26%     MR: 28.21%      FAR: 11.54%     IDA: 2.374 ms
1592-phrase.npy: IDR: 83.60%     MR: 5.82%       FAR: 10.58%     IDA: 2.116 ms
1616-phrase.npy: IDR: 69.52%     MR: 14.29%      FAR: 16.19%     IDA: 2.464 ms
1615-phrase.npy: IDR: 93.53%     MR: 5.76%       FAR: 0.72%      IDA: 0.525 ms

identification_rate:0.8523 miss_rate:0.07357 false_alarm_rate:0.07408 identification_accuracy:0.001353

Granulom
1684-phrase.npy: IDR: 99.26%     MR: 0.74%       FAR: 0.00%      IDA: 0.152 ms
2566-phrase.npy: IDR: 76.77%     MR: 8.39%       FAR: 14.84%     IDA: 2.463 ms

identification_rate:0.8802 miss_rate:0.04561 false_alarm_rate:0.07419 identification_accuracy:0.001308

Hyperasthenie
1615-phrase.npy: IDR: 93.53%     MR: 5.76%       FAR: 0.72%      IDA: 0.525 ms

identification_rate:0.9353 miss_rate:0.05755 false_alarm_rate:0.007194 identification_accuracy:0.0005252

Hyperfunktionelle Dysphonie
140-phrase.npy: IDR: 91.34%      MR: 3.94%       FAR: 4.72%      IDA: 0.449 ms
106-phrase.npy: IDR: 98.21%      MR: 0.00%       FAR: 1.79%      IDA: 0.170 ms
127-phrase.npy: IDR: 90.04%      MR: 6.22%       FAR: 3.73%      IDA: 1.202 ms
144-phrase.npy: IDR: 80.95%      MR: 7.14%       FAR: 11.90%     IDA: 2.351 ms
159-phrase.npy: IDR: 98.68%      MR: 0.66%       FAR: 0.66%      IDA: 0.184 ms
363-phrase.npy: IDR: 88.17%      MR: 5.33%       FAR: 6.51%      IDA: 1.354 ms
160-phrase.npy: IDR: 95.95%      MR: 3.47%       FAR: 0.58%      IDA: 0.137 ms
355-phrase.npy: IDR: 92.37%      MR: 4.58%       FAR: 3.05%      IDA: 1.197 ms
499-phrase.npy: IDR: 87.27%      MR: 5.45%       FAR: 7.27%      IDA: 1.367 ms
348-phrase.npy: IDR: 99.58%      MR: 0.00%       FAR: 0.42%      IDA: 0.112 ms
669-phrase.npy: IDR: 91.53%      MR: 4.23%       FAR: 4.23%      IDA: 1.051 ms
724-phrase.npy: IDR: 86.80%      MR: 6.60%       FAR: 6.60%      IDA: 1.387 ms
692-phrase.npy: IDR: 94.64%      MR: 2.98%       FAR: 2.38%      IDA: 1.267 ms
665-phrase.npy: IDR: 95.89%      MR: 2.05%       FAR: 2.05%      IDA: 0.728 ms
819-phrase.npy: IDR: 97.00%      MR: 1.00%       FAR: 2.00%      IDA: 1.195 ms
829-phrase.npy: IDR: 99.23%      MR: 0.00%       FAR: 0.77%      IDA: 0.243 ms
827-phrase.npy: IDR: 85.29%      MR: 5.88%       FAR: 8.82%      IDA: 1.239 ms
854-phrase.npy: IDR: 99.10%      MR: 0.90%       FAR: 0.00%      IDA: 0.147 ms
857-phrase.npy: IDR: 76.32%      MR: 7.89%       FAR: 15.79%     IDA: 2.119 ms
881-phrase.npy: IDR: 76.74%      MR: 8.14%       FAR: 15.12%     IDA: 2.435 ms
