arctic_a0005.npy: IDR: 97.06%    MR: 1.96%       FAR: 0.98%      IDA: 0.510 ms
arctic_a0008.npy: IDR: 97.50%    MR: 1.25%       FAR: 1.25%      IDA: 0.917 ms
arctic_a0004.npy: IDR: 92.65%    MR: 3.43%       FAR: 3.92%      IDA: 1.115 ms
arctic_a0006.npy: IDR: 95.44%    MR: 2.49%       FAR: 2.07%      IDA: 0.745 ms
arctic_a0007.npy: IDR: 98.17%    MR: 0.92%       FAR: 0.92%      IDA: 0.561 ms
arctic_a0009.npy: IDR: 97.24%    MR: 1.66%       FAR: 1.10%      IDA: 0.859 ms
arctic_a0003.npy: IDR: 94.88%    MR: 1.86%       FAR: 3.26%      IDA: 0.815 ms
arctic_a0002.npy: IDR: 92.72%    MR: 5.83%       FAR: 1.46%      IDA: 0.804 ms
arctic_a0010.npy: IDR: 96.84%    MR: 2.37%       FAR: 0.79%      IDA: 0.719 ms
arctic_a0015.npy: IDR: 98.48%    MR: 0.00%       FAR: 1.52%      IDA: 0.542 ms
arctic_a0011.npy: IDR: 95.22%    MR: 3.75%       FAR: 1.02%      IDA: 0.945 ms
arctic_a0012.npy: IDR: 97.35%    MR: 1.59%       FAR: 1.06%      IDA: 0.825 ms
arctic_a0018.npy: IDR: 90.22%    MR: 1.09%       FAR: 8.70%      IDA: 1.012 ms
arctic_a0014.npy: IDR: 97.46%    MR: 1.52%       FAR: 1.02%      IDA: 0.961 ms
arctic_a0021.npy: IDR: 90.96%    MR: 1.81%       FAR: 7.23%      IDA: 1.135 ms
arctic_a0016.npy: IDR: 97.61%    MR: 1.91%       FAR: 0.48%      IDA: 0.746 ms
arctic_a0013.npy: IDR: 95.45%    MR: 3.79%       FAR: 0.76%      IDA: 1.020 ms
arctic_a0017.npy: IDR: 98.85%    MR: 1.15%       FAR: 0.00%      IDA: 0.605 ms
arctic_a0020.npy: IDR: 92.94%    MR: 4.71%       FAR: 2.35%      IDA: 1.020 ms
arctic_a0019.npy: IDR: 92.37%    MR: 4.96%       FAR: 2.67%      IDA: 0.905 ms
arctic_a0028.npy: IDR: 93.89%    MR: 2.29%       FAR: 3.82%      IDA: 1.682 ms
arctic_a0026.npy: IDR: 96.07%    MR: 2.81%       FAR: 1.12%      IDA: 1.216 ms
arctic_a0022.npy: IDR: 95.37%    MR: 3.70%       FAR: 0.93%      IDA: 0.559 ms
arctic_a0030.npy: IDR: 94.94%    MR: 0.00%       FAR: 5.06%      IDA: 1.058 ms
arctic_a0025.npy: IDR: 98.60%    MR: 0.93%       FAR: 0.47%      IDA: 0.833 ms
arctic_a0029.npy: IDR: 93.36%    MR: 3.79%       FAR: 2.84%      IDA: 1.010 ms
arctic_a0024.npy: IDR: 96.46%    MR: 2.36%       FAR: 1.18%      IDA: 1.049 ms
arctic_a0031.npy: IDR: 96.62%    MR: 3.38%       FAR: 0.00%      IDA: 1.094 ms
arctic_a0036.npy: IDR: 98.25%    MR: 0.88%       FAR: 0.88%      IDA: 1.068 ms
arctic_a0037.npy: IDR: 97.87%    MR: 1.60%       FAR: 0.53%      IDA: 0.992 ms
arctic_a0027.npy: IDR: 94.81%    MR: 4.50%       FAR: 0.69%      IDA: 0.957 ms
arctic_a0023.npy: IDR: 95.44%    MR: 3.99%       FAR: 0.57%      IDA: 1.014 ms
arctic_a0038.npy: IDR: 97.35%    MR: 1.77%       FAR: 0.88%      IDA: 0.780 ms
arctic_a0034.npy: IDR: 95.98%    MR: 2.51%       FAR: 1.51%      IDA: 1.235 ms
arctic_a0033.npy: IDR: 93.49%    MR: 4.98%       FAR: 1.53%      IDA: 0.885 ms
arctic_a0032.npy: IDR: 95.83%    MR: 3.24%       FAR: 0.93%      IDA: 0.965 ms
arctic_a0040.npy: IDR: 99.44%    MR: 0.00%       FAR: 0.56%      IDA: 0.315 ms
arctic_a0041.npy: IDR: 94.08%    MR: 3.55%       FAR: 2.37%      IDA: 0.799 ms
arctic_a0039.npy: IDR: 98.80%    MR: 0.60%       FAR: 0.60%      IDA: 0.504 ms
arctic_a0035.npy: IDR: 95.95%    MR: 1.73%       FAR: 2.31%      IDA: 1.052 ms
arctic_a0042.npy: IDR: 99.28%    MR: 0.72%       FAR: 0.00%      IDA: 0.689 ms
arctic_a0045.npy: IDR: 96.99%    MR: 2.41%       FAR: 0.60%      IDA: 0.658 ms
arctic_a0048.npy: IDR: 98.48%    MR: 0.76%       FAR: 0.76%      IDA: 0.709 ms
arctic_a0044.npy: IDR: 97.96%    MR: 1.53%       FAR: 0.51%      IDA: 0.800 ms
arctic_a0049.npy: IDR: 96.59%    MR: 3.41%       FAR: 0.00%      IDA: 0.690 ms
arctic_a0046.npy: IDR: 98.59%    MR: 0.94%       FAR: 0.47%      IDA: 0.598 ms
arctic_a0043.npy: IDR: 97.82%    MR: 2.18%       FAR: 0.00%      IDA: 0.524 ms
arctic_a0047.npy: IDR: 98.44%    MR: 1.56%       FAR: 0.00%      IDA: 0.770 ms
arctic_a0052.npy: IDR: 99.02%    MR: 0.98%       FAR: 0.00%      IDA: 0.369 ms
arctic_a0054.npy: IDR: 99.08%    MR: 0.92%       FAR: 0.00%      IDA: 0.723 ms
arctic_a0057.npy: IDR: 97.95%    MR: 0.00%       FAR: 2.05%      IDA: 1.375 ms
arctic_a0050.npy: IDR: 96.33%    MR: 3.27%       FAR: 0.41%      IDA: 0.933 ms
arctic_a0059.npy: IDR: 97.64%    MR: 1.57%       FAR: 0.79%      IDA: 1.043 ms
arctic_a0053.npy: IDR: 97.74%    MR: 1.69%       FAR: 0.56%      IDA: 0.913 ms
arctic_a0056.npy: IDR: 93.33%    MR: 5.13%       FAR: 1.54%      IDA: 0.919 ms
arctic_a0051.npy: IDR: 97.26%    MR: 2.74%       FAR: 0.00%      IDA: 0.596 ms
arctic_a0060.npy: IDR: 95.29%    MR: 1.76%       FAR: 2.94%      IDA: 1.160 ms
arctic_a0062.npy: IDR: 98.01%    MR: 1.32%       FAR: 0.66%      IDA: 0.462 ms
arctic_a0063.npy: IDR: 98.60%    MR: 0.70%       FAR: 0.70%      IDA: 0.706 ms
arctic_a0066.npy: IDR: 91.49%    MR: 1.42%       FAR: 7.09%      IDA: 1.594 ms
arctic_a0058.npy: IDR: 100.00%   MR: 0.00%       FAR: 0.00%      IDA: 0.666 ms
arctic_a0061.npy: IDR: 95.77%    MR: 1.41%       FAR: 2.82%      IDA: 1.076 ms
arctic_a0055.npy: IDR: 98.45%    MR: 1.55%       FAR: 0.00%      IDA: 0.576 ms
arctic_a0064.npy: IDR: 97.16%    MR: 2.84%       FAR: 0.00%      IDA: 0.418 ms
arctic_a0072.npy: IDR: 94.85%    MR: 5.15%       FAR: 0.00%      IDA: 0.713 ms
arctic_a0067.npy: IDR: 98.16%    MR: 0.61%       FAR: 1.23%      IDA: 0.786 ms
arctic_a0068.npy: IDR: 98.68%    MR: 1.32%       FAR: 0.00%      IDA: 0.847 ms
arctic_a0065.npy: IDR: 95.00%    MR: 2.00%       FAR: 3.00%      IDA: 0.949 ms
arctic_a0071.npy: IDR: 98.61%    MR: 0.69%       FAR: 0.69%      IDA: 0.561 ms
arctic_a0075.npy: IDR: 95.77%    MR: 2.82%       FAR: 1.41%      IDA: 0.800 ms
arctic_a0069.npy: IDR: 98.54%    MR: 0.49%       FAR: 0.98%      IDA: 0.522 ms
arctic_a0070.npy: IDR: 97.95%    MR: 1.54%       FAR: 0.51%      IDA: 0.787 ms
arctic_a0077.npy: IDR: 99.17%    MR: 0.83%       FAR: 0.00%      IDA: 1.207 ms
arctic_a0076.npy: IDR: 96.53%    MR: 2.08%       FAR: 1.39%      IDA: 1.335 ms
arctic_a0079.npy: IDR: 97.37%    MR: 1.75%       FAR: 0.88%      IDA: 0.735 ms
arctic_a0080.npy: IDR: 90.53%    MR: 1.05%       FAR: 8.42%      IDA: 1.405 ms
arctic_a0074.npy: IDR: 95.47%    MR: 2.64%       FAR: 1.89%      IDA: 0.929 ms
arctic_a0081.npy: IDR: 97.71%    MR: 1.53%       FAR: 0.76%      IDA: 1.029 ms
arctic_a0078.npy: IDR: 93.58%    MR: 3.21%       FAR: 3.21%      IDA: 0.974 ms
arctic_a0073.npy: IDR: 96.43%    MR: 2.68%       FAR: 0.89%      IDA: 1.074 ms
arctic_a0082.npy: IDR: 96.36%    MR: 0.91%       FAR: 2.73%      IDA: 0.827 ms
arctic_a0086.npy: IDR: 96.58%    MR: 2.74%       FAR: 0.68%      IDA: 1.433 ms
arctic_a0083.npy: IDR: 97.80%    MR: 1.10%       FAR: 1.10%      IDA: 0.874 ms
arctic_a0085.npy: IDR: 97.89%    MR: 1.58%       FAR: 0.53%      IDA: 1.065 ms
arctic_a0090.npy: IDR: 95.31%    MR: 3.12%       FAR: 1.56%      IDA: 0.623 ms
arctic_a0089.npy: IDR: 99.12%    MR: 0.00%       FAR: 0.88%      IDA: 0.941 ms
arctic_a0087.npy: IDR: 93.65%    MR: 2.12%       FAR: 4.23%      IDA: 1.255 ms
arctic_a0091.npy: IDR: 96.91%    MR: 1.85%       FAR: 1.23%      IDA: 0.955 ms
arctic_a0093.npy: IDR: 98.21%    MR: 0.60%       FAR: 1.19%      IDA: 1.063 ms
arctic_a0084.npy: IDR: 97.00%    MR: 3.00%       FAR: 0.00%      IDA: 0.791 ms
arctic_a0088.npy: IDR: 92.49%    MR: 6.83%       FAR: 0.68%      IDA: 1.087 ms
arctic_a0098.npy: IDR: 92.63%    MR: 1.05%       FAR: 6.32%      IDA: 1.054 ms
arctic_a0094.npy: IDR: 97.38%    MR: 2.18%       FAR: 0.44%      IDA: 0.751 ms
arctic_a0100.npy: IDR: 92.31%    MR: 1.92%       FAR: 5.77%      IDA: 1.268 ms
arctic_a0092.npy: IDR: 94.44%    MR: 3.33%       FAR: 2.22%      IDA: 1.004 ms
arctic_a0102.npy: IDR: 99.15%    MR: 0.00%       FAR: 0.85%      IDA: 1.000 ms
arctic_a0099.npy: IDR: 95.88%    MR: 2.88%       FAR: 1.23%      IDA: 0.921 ms
arctic_a0095.npy: IDR: 94.84%    MR: 4.37%       FAR: 0.79%      IDA: 0.776 ms
arctic_a0101.npy: IDR: 94.87%    MR: 1.28%       FAR: 3.85%      IDA: 1.212 ms
arctic_a0096.npy: IDR: 97.01%    MR: 1.87%       FAR: 1.12%      IDA: 0.585 ms
arctic_a0097.npy: IDR: 97.90%    MR: 2.10%       FAR: 0.00%      IDA: 0.712 ms
arctic_a0103.npy: IDR: 100.00%   MR: 0.00%       FAR: 0.00%      IDA: 1.029 ms
arctic_a0107.npy: IDR: 98.29%    MR: 1.14%       FAR: 0.57%      IDA: 0.526 ms
arctic_a0112.npy: IDR: 94.30%    MR: 3.16%       FAR: 2.53%      IDA: 0.846 ms
arctic_a0110.npy: IDR: 85.00%    MR: 2.50%       FAR: 12.50%     IDA: 1.560 ms
arctic_a0109.npy: IDR: 99.12%    MR: 0.44%       FAR: 0.44%      IDA: 0.825 ms
arctic_a0104.npy: IDR: 92.34%    MR: 4.78%       FAR: 2.87%      IDA: 0.896 ms
arctic_a0108.npy: IDR: 93.83%    MR: 3.70%       FAR: 2.47%      IDA: 0.944 ms
arctic_a0105.npy: IDR: 97.74%    MR: 1.50%       FAR: 0.75%      IDA: 0.671 ms
arctic_a0106.npy: IDR: 96.96%    MR: 1.52%       FAR: 1.52%      IDA: 0.702 ms
arctic_a0114.npy: IDR: 97.88%    MR: 1.06%       FAR: 1.06%      IDA: 0.771 ms
arctic_a0113.npy: IDR: 99.48%    MR: 0.52%       FAR: 0.00%      IDA: 0.520 ms
arctic_a0111.npy: IDR: 96.52%    MR: 3.48%       FAR: 0.00%      IDA: 0.719 ms
arctic_a0119.npy: IDR: 93.06%    MR: 0.69%       FAR: 6.25%      IDA: 1.217 ms
arctic_a0118.npy: IDR: 93.55%    MR: 1.61%       FAR: 4.84%      IDA: 1.178 ms
arctic_a0115.npy: IDR: 94.49%    MR: 3.81%       FAR: 1.69%      IDA: 0.522 ms
arctic_a0116.npy: IDR: 94.44%    MR: 5.21%       FAR: 0.35%      IDA: 0.757 ms
arctic_a0123.npy: IDR: 97.02%    MR: 2.98%       FAR: 0.00%      IDA: 0.777 ms
arctic_a0117.npy: IDR: 97.70%    MR: 1.84%       FAR: 0.46%      IDA: 0.563 ms
arctic_a0120.npy: IDR: 95.11%    MR: 1.33%       FAR: 3.56%      IDA: 0.826 ms
arctic_a0122.npy: IDR: 96.14%    MR: 1.29%       FAR: 2.58%      IDA: 0.852 ms
arctic_a0121.npy: IDR: 97.30%    MR: 1.08%       FAR: 1.62%      IDA: 0.770 ms
arctic_a0124.npy: IDR: 91.33%    MR: 3.06%       FAR: 5.61%      IDA: 1.578 ms
arctic_a0126.npy: IDR: 94.87%    MR: 2.56%       FAR: 2.56%      IDA: 0.726 ms
arctic_a0129.npy: IDR: 96.46%    MR: 0.88%       FAR: 2.65%      IDA: 0.849 ms
arctic_a0127.npy: IDR: 98.58%    MR: 0.00%       FAR: 1.42%      IDA: 0.639 ms
arctic_a0130.npy: IDR: 90.98%    MR: 3.28%       FAR: 5.74%      IDA: 0.765 ms
arctic_a0131.npy: IDR: 97.04%    MR: 2.96%       FAR: 0.00%      IDA: 0.734 ms
arctic_a0128.npy: IDR: 97.56%    MR: 0.61%       FAR: 1.83%      IDA: 1.001 ms
arctic_a0134.npy: IDR: 93.51%    MR: 1.95%       FAR: 4.55%      IDA: 1.440 ms
arctic_a0132.npy: IDR: 98.01%    MR: 1.32%       FAR: 0.66%      IDA: 0.624 ms
arctic_a0125.npy: IDR: 94.72%    MR: 1.41%       FAR: 3.87%      IDA: 0.895 ms
arctic_a0137.npy: IDR: 99.20%    MR: 0.80%       FAR: 0.00%      IDA: 0.685 ms
arctic_a0135.npy: IDR: 96.92%    MR: 3.08%       FAR: 0.00%      IDA: 0.770 ms
arctic_a0140.npy: IDR: 94.48%    MR: 3.68%       FAR: 1.84%      IDA: 0.763 ms
arctic_a0141.npy: IDR: 98.99%    MR: 0.51%       FAR: 0.51%      IDA: 0.642 ms
arctic_a0133.npy: IDR: 98.03%    MR: 0.79%       FAR: 1.18%      IDA: 0.817 ms
arctic_a0138.npy: IDR: 92.51%    MR: 2.64%       FAR: 4.85%      IDA: 1.125 ms
arctic_a0136.npy: IDR: 91.56%    MR: 4.38%       FAR: 4.06%      IDA: 1.032 ms
arctic_a0143.npy: IDR: 87.14%    MR: 6.43%       FAR: 6.43%      IDA: 1.243 ms
arctic_a0142.npy: IDR: 97.04%    MR: 2.96%       FAR: 0.00%      IDA: 0.680 ms
arctic_a0139.npy: IDR: 95.24%    MR: 2.56%       FAR: 2.20%      IDA: 0.678 ms
arctic_a0146.npy: IDR: 93.98%    MR: 1.20%       FAR: 4.82%      IDA: 0.727 ms
arctic_a0150.npy: IDR: 97.67%    MR: 1.55%       FAR: 0.78%      IDA: 0.889 ms
arctic_a0144.npy: IDR: 94.98%    MR: 3.94%       FAR: 1.08%      IDA: 0.838 ms
arctic_a0145.npy: IDR: 96.07%    MR: 3.06%       FAR: 0.87%      IDA: 0.985 ms
arctic_a0148.npy: IDR: 95.21%    MR: 4.79%       FAR: 0.00%      IDA: 0.798 ms
arctic_a0155.npy: IDR: 93.46%    MR: 2.80%       FAR: 3.74%      IDA: 0.931 ms
arctic_a0152.npy: IDR: 97.93%    MR: 0.69%       FAR: 1.38%      IDA: 0.592 ms
arctic_a0147.npy: IDR: 94.79%    MR: 5.21%       FAR: 0.00%      IDA: 0.475 ms
arctic_a0158.npy: IDR: 100.00%   MR: 0.00%       FAR: 0.00%      IDA: 1.200 ms
arctic_a0149.npy: IDR: 97.82%    MR: 1.45%       FAR: 0.73%      IDA: 0.807 ms
arctic_a0151.npy: IDR: 100.00%   MR: 0.00%       FAR: 0.00%      IDA: 0.856 ms
arctic_a0154.npy: IDR: 96.57%    MR: 1.72%       FAR: 1.72%      IDA: 0.827 ms
arctic_a0156.npy: IDR: 93.19%    MR: 5.53%       FAR: 1.28%      IDA: 1.024 ms
arctic_a0153.npy: IDR: 95.65%    MR: 3.48%       FAR: 0.87%      IDA: 0.842 ms
arctic_a0163.npy: IDR: 97.69%    MR: 1.54%       FAR: 0.77%      IDA: 0.850 ms
arctic_a0162.npy: IDR: 97.48%    MR: 0.84%       FAR: 1.68%      IDA: 1.100 ms
arctic_a0157.npy: IDR: 96.36%    MR: 2.73%       FAR: 0.91%      IDA: 0.774 ms
arctic_a0160.npy: IDR: 98.02%    MR: 1.49%       FAR: 0.50%      IDA: 0.581 ms
arctic_a0161.npy: IDR: 97.89%    MR: 1.27%       FAR: 0.84%      IDA: 0.596 ms
arctic_a0159.npy: IDR: 94.48%    MR: 4.83%       FAR: 0.69%      IDA: 1.096 ms
arctic_a0165.npy: IDR: 96.53%    MR: 1.73%       FAR: 1.73%      IDA: 0.533 ms
arctic_a0167.npy: IDR: 96.40%    MR: 2.88%       FAR: 0.72%      IDA: 0.731 ms
arctic_a0169.npy: IDR: 95.33%    MR: 0.67%       FAR: 4.00%      IDA: 0.678 ms
arctic_a0164.npy: IDR: 92.08%    MR: 2.08%       FAR: 5.83%      IDA: 1.360 ms
arctic_a0174.npy: IDR: 100.00%   MR: 0.00%       FAR: 0.00%      IDA: 1.217 ms
arctic_a0166.npy: IDR: 93.18%    MR: 4.17%       FAR: 2.65%      IDA: 1.153 ms
arctic_a0168.npy: IDR: 94.82%    MR: 4.15%       FAR: 1.04%      IDA: 0.871 ms
arctic_a0170.npy: IDR: 98.09%    MR: 1.27%       FAR: 0.64%      IDA: 0.611 ms
arctic_a0173.npy: IDR: 99.35%    MR: 0.00%       FAR: 0.65%      IDA: 0.953 ms
arctic_a0171.npy: IDR: 97.47%    MR: 1.27%       FAR: 1.27%      IDA: 0.574 ms
arctic_a0172.npy: IDR: 97.24%    MR: 2.76%       FAR: 0.00%      IDA: 1.388 ms
arctic_a0175.npy: IDR: 96.00%    MR: 2.22%       FAR: 1.78%      IDA: 0.779 ms
arctic_a0177.npy: IDR: 98.33%    MR: 1.11%       FAR: 0.56%      IDA: 0.511 ms
arctic_a0181.npy: IDR: 95.62%    MR: 3.65%       FAR: 0.73%      IDA: 0.844 ms
arctic_a0179.npy: IDR: 93.30%    MR: 1.55%       FAR: 5.15%      IDA: 1.116 ms
arctic_a0180.npy: IDR: 98.89%    MR: 0.56%       FAR: 0.56%      IDA: 0.888 ms
arctic_a0183.npy: IDR: 97.54%    MR: 0.00%       FAR: 2.46%      IDA: 0.837 ms
arctic_a0182.npy: IDR: 98.41%    MR: 0.79%       FAR: 0.79%      IDA: 0.767 ms
arctic_a0176.npy: IDR: 99.52%    MR: 0.00%       FAR: 0.48%      IDA: 0.744 ms
arctic_a0178.npy: IDR: 96.02%    MR: 3.10%       FAR: 0.88%      IDA: 0.615 ms
arctic_a0184.npy: IDR: 96.53%    MR: 1.16%       FAR: 2.31%      IDA: 0.757 ms
arctic_a0185.npy: IDR: 95.19%    MR: 1.60%       FAR: 3.21%      IDA: 0.675 ms
arctic_a0187.npy: IDR: 97.08%    MR: 2.34%       FAR: 0.58%      IDA: 0.486 ms
arctic_a0192.npy: IDR: 97.78%    MR: 1.11%       FAR: 1.11%      IDA: 0.758 ms
arctic_a0188.npy: IDR: 97.96%    MR: 1.53%       FAR: 0.51%      IDA: 0.767 ms
arctic_a0193.npy: IDR: 97.14%    MR: 0.00%       FAR: 2.86%      IDA: 0.922 ms
arctic_a0189.npy: IDR: 99.53%    MR: 0.00%       FAR: 0.47%      IDA: 0.708 ms
arctic_a0195.npy: IDR: 93.16%    MR: 3.42%       FAR: 3.42%      IDA: 0.732 ms
arctic_a0194.npy: IDR: 98.21%    MR: 0.00%       FAR: 1.79%      IDA: 0.768 ms
arctic_a0186.npy: IDR: 96.46%    MR: 1.97%       FAR: 1.57%      IDA: 0.742 ms
arctic_a0190.npy: IDR: 92.74%    MR: 4.27%       FAR: 2.99%      IDA: 0.795 ms
arctic_a0196.npy: IDR: 95.60%    MR: 3.14%       FAR: 1.26%      IDA: 0.823 ms
arctic_a0191.npy: IDR: 96.41%    MR: 2.79%       FAR: 0.80%      IDA: 0.728 ms
arctic_a0198.npy: IDR: 93.51%    MR: 4.32%       FAR: 2.16%      IDA: 0.737 ms
arctic_a0201.npy: IDR: 94.71%    MR: 3.70%       FAR: 1.59%      IDA: 0.955 ms
arctic_a0200.npy: IDR: 96.38%    MR: 2.26%       FAR: 1.36%      IDA: 0.920 ms
arctic_a0197.npy: IDR: 97.63%    MR: 2.37%       FAR: 0.00%      IDA: 0.570 ms
arctic_a0203.npy: IDR: 95.86%    MR: 3.55%       FAR: 0.59%      IDA: 0.588 ms
arctic_a0199.npy: IDR: 95.98%    MR: 3.57%       FAR: 0.45%      IDA: 0.616 ms
arctic_a0205.npy: IDR: 91.61%    MR: 4.52%       FAR: 3.87%      IDA: 1.024 ms
arctic_a0207.npy: IDR: 98.59%    MR: 0.00%       FAR: 1.41%      IDA: 0.705 ms
arctic_a0206.npy: IDR: 98.05%    MR: 0.65%       FAR: 1.30%      IDA: 0.721 ms
arctic_a0204.npy: IDR: 97.78%    MR: 1.67%       FAR: 0.56%      IDA: 0.808 ms
arctic_a0202.npy: IDR: 98.73%    MR: 1.27%       FAR: 0.00%      IDA: 0.668 ms
arctic_a0209.npy: IDR: 94.71%    MR: 4.23%       FAR: 1.06%      IDA: 0.971 ms
arctic_a0215.npy: IDR: 92.59%    MR: 4.63%       FAR: 2.78%      IDA: 0.957 ms
arctic_a0210.npy: IDR: 97.66%    MR: 1.87%       FAR: 0.47%      IDA: 0.855 ms
arctic_a0208.npy: IDR: 97.99%    MR: 1.51%       FAR: 0.50%      IDA: 0.903 ms
arctic_a0214.npy: IDR: 98.84%    MR: 1.16%       FAR: 0.00%      IDA: 0.548 ms
arctic_a0218.npy: IDR: 94.26%    MR: 3.35%       FAR: 2.39%      IDA: 0.826 ms
arctic_a0211.npy: IDR: 95.27%    MR: 2.36%       FAR: 2.36%      IDA: 1.063 ms
arctic_a0212.npy: IDR: 96.43%    MR: 3.12%       FAR: 0.45%      IDA: 0.845 ms
arctic_a0213.npy: IDR: 98.72%    MR: 1.28%       FAR: 0.00%      IDA: 0.830 ms
arctic_a0216.npy: IDR: 92.97%    MR: 6.64%       FAR: 0.39%      IDA: 0.680 ms
arctic_a0221.npy: IDR: 96.34%    MR: 3.05%       FAR: 0.61%      IDA: 0.816 ms
arctic_a0217.npy: IDR: 95.19%    MR: 1.92%       FAR: 2.88%      IDA: 0.934 ms
arctic_a0222.npy: IDR: 98.79%    MR: 1.21%       FAR: 0.00%      IDA: 0.693 ms
arctic_a0220.npy: IDR: 94.37%    MR: 3.76%       FAR: 1.88%      IDA: 0.700 ms
arctic_a0223.npy: IDR: 100.00%   MR: 0.00%       FAR: 0.00%      IDA: 0.912 ms
arctic_a0226.npy: IDR: 99.32%    MR: 0.68%       FAR: 0.00%      IDA: 0.977 ms
arctic_a0219.npy: IDR: 95.62%    MR: 3.65%       FAR: 0.73%      IDA: 0.878 ms
arctic_a0224.npy: IDR: 93.56%    MR: 4.95%       FAR: 1.49%      IDA: 0.824 ms
arctic_a0228.npy: IDR: 95.87%    MR: 4.13%       FAR: 0.00%      IDA: 0.935 ms
arctic_a0230.npy: IDR: 91.16%    MR: 1.86%       FAR: 6.98%      IDA: 1.129 ms
arctic_a0229.npy: IDR: 95.65%    MR: 2.72%       FAR: 1.63%      IDA: 0.808 ms
arctic_a0225.npy: IDR: 95.97%    MR: 2.93%       FAR: 1.10%      IDA: 0.954 ms
arctic_a0232.npy: IDR: 94.74%    MR: 0.00%       FAR: 5.26%      IDA: 1.192 ms
arctic_a0227.npy: IDR: 97.53%    MR: 2.06%       FAR: 0.41%      IDA: 0.837 ms
arctic_a0236.npy: IDR: 99.00%    MR: 0.00%       FAR: 1.00%      IDA: 0.665 ms
arctic_a0231.npy: IDR: 94.59%    MR: 4.05%       FAR: 1.35%      IDA: 0.747 ms
arctic_a0240.npy: IDR: 94.57%    MR: 1.09%       FAR: 4.35%      IDA: 1.150 ms
arctic_a0235.npy: IDR: 98.06%    MR: 1.94%       FAR: 0.00%      IDA: 0.746 ms
arctic_a0233.npy: IDR: 98.76%    MR: 0.83%       FAR: 0.41%      IDA: 0.602 ms
arctic_a0241.npy: IDR: 98.36%    MR: 1.64%       FAR: 0.00%      IDA: 0.504 ms
arctic_a0237.npy: IDR: 95.05%    MR: 2.97%       FAR: 1.98%      IDA: 0.894 ms
arctic_a0242.npy: IDR: 98.02%    MR: 0.99%       FAR: 0.99%      IDA: 0.662 ms
arctic_a0243.npy: IDR: 96.21%    MR: 0.76%       FAR: 3.03%      IDA: 0.564 ms
arctic_a0234.npy: IDR: 92.50%    MR: 6.79%       FAR: 0.71%      IDA: 0.798 ms
arctic_a0247.npy: IDR: 99.26%    MR: 0.74%       FAR: 0.00%      IDA: 1.032 ms
arctic_a0244.npy: IDR: 94.59%    MR: 4.73%       FAR: 0.68%      IDA: 0.462 ms
arctic_a0248.npy: IDR: 98.80%    MR: 1.20%       FAR: 0.00%      IDA: 0.648 ms
arctic_a0238.npy: IDR: 97.63%    MR: 1.36%       FAR: 1.02%      IDA: 0.727 ms
arctic_a0239.npy: IDR: 98.56%    MR: 1.08%       FAR: 0.36%      IDA: 0.726 ms
arctic_a0246.npy: IDR: 94.83%    MR: 4.83%       FAR: 0.34%      IDA: 0.700 ms
arctic_a0251.npy: IDR: 96.04%    MR: 1.98%       FAR: 1.98%      IDA: 0.903 ms
arctic_a0245.npy: IDR: 95.63%    MR: 3.57%       FAR: 0.79%      IDA: 0.650 ms
arctic_a0252.npy: IDR: 92.88%    MR: 5.50%       FAR: 1.62%      IDA: 0.831 ms
arctic_a0253.npy: IDR: 95.63%    MR: 3.40%       FAR: 0.97%      IDA: 0.841 ms
arctic_a0255.npy: IDR: 94.88%    MR: 2.33%       FAR: 2.79%      IDA: 0.653 ms
arctic_a0257.npy: IDR: 96.61%    MR: 2.26%       FAR: 1.13%      IDA: 0.985 ms
arctic_a0249.npy: IDR: 94.03%    MR: 3.36%       FAR: 2.61%      IDA: 0.758 ms
arctic_a0254.npy: IDR: 93.72%    MR: 5.86%       FAR: 0.42%      IDA: 0.740 ms
arctic_a0250.npy: IDR: 95.45%    MR: 4.26%       FAR: 0.28%      IDA: 0.580 ms
arctic_a0256.npy: IDR: 91.32%    MR: 7.31%       FAR: 1.37%      IDA: 0.872 ms
arctic_a0261.npy: IDR: 95.38%    MR: 4.62%       FAR: 0.00%      IDA: 0.745 ms
arctic_a0259.npy: IDR: 96.03%    MR: 3.97%       FAR: 0.00%      IDA: 0.609 ms
arctic_a0258.npy: IDR: 96.21%    MR: 3.79%       FAR: 0.00%      IDA: 0.616 ms
arctic_a0262.npy: IDR: 96.79%    MR: 3.21%       FAR: 0.00%      IDA: 0.797 ms
arctic_a0263.npy: IDR: 98.85%    MR: 0.00%       FAR: 1.15%      IDA: 1.106 ms
arctic_a0260.npy: IDR: 93.02%    MR: 6.59%       FAR: 0.39%      IDA: 0.801 ms
arctic_a0264.npy: IDR: 95.09%    MR: 2.23%       FAR: 2.68%      IDA: 0.823 ms
arctic_a0266.npy: IDR: 95.33%    MR: 1.87%       FAR: 2.80%      IDA: 0.743 ms
arctic_a0265.npy: IDR: 97.97%    MR: 1.22%       FAR: 0.81%      IDA: 0.833 ms
arctic_a0267.npy: IDR: 98.52%    MR: 1.48%       FAR: 0.00%      IDA: 0.709 ms
arctic_a0272.npy: IDR: 95.37%    MR: 3.70%       FAR: 0.93%      IDA: 0.458 ms
arctic_a0270.npy: IDR: 94.09%    MR: 2.96%       FAR: 2.96%      IDA: 0.924 ms
arctic_a0271.npy: IDR: 95.43%    MR: 2.86%       FAR: 1.71%      IDA: 0.778 ms
arctic_a0268.npy: IDR: 96.51%    MR: 2.86%       FAR: 0.63%      IDA: 0.863 ms
arctic_a0273.npy: IDR: 96.62%    MR: 2.42%       FAR: 0.97%      IDA: 0.673 ms
arctic_a0275.npy: IDR: 96.90%    MR: 2.21%       FAR: 0.88%      IDA: 0.455 ms
arctic_a0269.npy: IDR: 94.09%    MR: 3.18%       FAR: 2.73%      IDA: 0.959 ms
arctic_a0274.npy: IDR: 96.28%    MR: 2.89%       FAR: 0.83%      IDA: 0.751 ms
arctic_a0278.npy: IDR: 96.67%    MR: 1.33%       FAR: 2.00%      IDA: 0.376 ms
arctic_a0279.npy: IDR: 99.09%    MR: 0.91%       FAR: 0.00%      IDA: 0.772 ms
arctic_a0280.npy: IDR: 97.55%    MR: 1.96%       FAR: 0.49%      IDA: 0.872 ms
arctic_a0281.npy: IDR: 94.17%    MR: 4.93%       FAR: 0.90%      IDA: 0.557 ms
arctic_a0276.npy: IDR: 95.66%    MR: 3.76%       FAR: 0.58%      IDA: 0.643 ms
arctic_a0277.npy: IDR: 98.01%    MR: 0.80%       FAR: 1.20%      IDA: 0.578 ms
arctic_a0282.npy: IDR: 98.37%    MR: 1.63%       FAR: 0.00%      IDA: 0.763 ms
arctic_a0287.npy: IDR: 91.26%    MR: 3.88%       FAR: 4.85%      IDA: 1.052 ms
arctic_a0284.npy: IDR: 98.22%    MR: 0.44%       FAR: 1.33%      IDA: 0.705 ms
arctic_a0285.npy: IDR: 96.28%    MR: 2.89%       FAR: 0.83%      IDA: 0.654 ms
arctic_a0288.npy: IDR: 95.56%    MR: 4.44%       FAR: 0.00%      IDA: 0.475 ms
arctic_a0290.npy: IDR: 96.20%    MR: 2.72%       FAR: 1.09%      IDA: 0.831 ms
arctic_a0286.npy: IDR: 98.36%    MR: 0.82%       FAR: 0.82%      IDA: 0.592 ms
arctic_a0283.npy: IDR: 99.38%    MR: 0.00%       FAR: 0.62%      IDA: 0.829 ms
arctic_a0293.npy: IDR: 98.03%    MR: 1.97%       FAR: 0.00%      IDA: 0.589 ms
arctic_a0296.npy: IDR: 99.10%    MR: 0.90%       FAR: 0.00%      IDA: 0.576 ms
arctic_a0289.npy: IDR: 98.93%    MR: 1.07%       FAR: 0.00%      IDA: 0.572 ms
arctic_a0294.npy: IDR: 97.58%    MR: 2.42%       FAR: 0.00%      IDA: 0.706 ms
arctic_a0292.npy: IDR: 96.15%    MR: 2.88%       FAR: 0.96%      IDA: 0.734 ms
arctic_a0291.npy: IDR: 96.68%    MR: 2.07%       FAR: 1.24%      IDA: 0.751 ms
arctic_a0295.npy: IDR: 97.85%    MR: 1.61%       FAR: 0.54%      IDA: 0.591 ms
arctic_a0301.npy: IDR: 97.37%    MR: 2.11%       FAR: 0.53%      IDA: 0.646 ms
arctic_a0297.npy: IDR: 95.92%    MR: 3.06%       FAR: 1.02%      IDA: 0.431 ms
arctic_a0304.npy: IDR: 93.53%    MR: 5.88%       FAR: 0.59%      IDA: 0.857 ms
arctic_a0300.npy: IDR: 98.26%    MR: 1.74%       FAR: 0.00%      IDA: 0.634 ms
arctic_a0303.npy: IDR: 98.11%    MR: 1.51%       FAR: 0.38%      IDA: 0.429 ms
arctic_a0299.npy: IDR: 97.71%    MR: 1.15%       FAR: 1.15%      IDA: 0.852 ms
arctic_a0298.npy: IDR: 100.00%   MR: 0.00%       FAR: 0.00%      IDA: 0.457 ms
arctic_a0306.npy: IDR: 99.04%    MR: 0.96%       FAR: 0.00%      IDA: 0.629 ms
arctic_a0309.npy: IDR: 97.06%    MR: 0.74%       FAR: 2.21%      IDA: 0.946 ms
arctic_a0302.npy: IDR: 93.55%    MR: 5.65%       FAR: 0.81%      IDA: 0.589 ms
arctic_a0307.npy: IDR: 97.12%    MR: 1.80%       FAR: 1.08%      IDA: 0.701 ms
arctic_a0311.npy: IDR: 94.07%    MR: 2.96%       FAR: 2.96%      IDA: 0.659 ms
arctic_a0310.npy: IDR: 98.77%    MR: 1.23%       FAR: 0.00%      IDA: 0.683 ms
arctic_a0305.npy: IDR: 94.39%    MR: 4.67%       FAR: 0.93%      IDA: 0.650 ms
arctic_a0313.npy: IDR: 95.87%    MR: 3.31%       FAR: 0.83%      IDA: 0.639 ms
arctic_a0317.npy: IDR: 99.21%    MR: 0.79%       FAR: 0.00%      IDA: 0.782 ms
arctic_a0308.npy: IDR: 97.78%    MR: 1.85%       FAR: 0.37%      IDA: 0.632 ms
arctic_a0314.npy: IDR: 96.23%    MR: 2.93%       FAR: 0.84%      IDA: 0.914 ms
arctic_a0316.npy: IDR: 98.37%    MR: 1.63%       FAR: 0.00%      IDA: 0.400 ms
arctic_a0312.npy: IDR: 97.08%    MR: 2.19%       FAR: 0.73%      IDA: 0.734 ms
arctic_a0318.npy: IDR: 96.49%    MR: 2.19%       FAR: 1.32%      IDA: 1.031 ms
arctic_a0322.npy: IDR: 95.76%    MR: 1.21%       FAR: 3.03%      IDA: 0.758 ms
arctic_a0315.npy: IDR: 95.28%    MR: 2.76%       FAR: 1.97%      IDA: 1.051 ms
arctic_a0321.npy: IDR: 92.75%    MR: 6.16%       FAR: 1.09%      IDA: 0.851 ms
arctic_a0320.npy: IDR: 97.69%    MR: 1.15%       FAR: 1.15%      IDA: 0.817 ms
arctic_a0319.npy: IDR: 98.56%    MR: 0.36%       FAR: 1.08%      IDA: 0.703 ms
arctic_a0329.npy: IDR: 93.51%    MR: 1.30%       FAR: 5.19%      IDA: 1.305 ms
arctic_a0326.npy: IDR: 95.74%    MR: 2.66%       FAR: 1.60%      IDA: 0.766 ms
arctic_a0324.npy: IDR: 94.31%    MR: 3.91%       FAR: 1.78%      IDA: 0.758 ms
arctic_a0323.npy: IDR: 95.95%    MR: 3.64%       FAR: 0.40%      IDA: 0.623 ms
arctic_a0328.npy: IDR: 98.89%    MR: 0.56%       FAR: 0.56%      IDA: 1.023 ms
arctic_a0330.npy: IDR: 96.77%    MR: 2.76%       FAR: 0.46%      IDA: 0.925 ms
arctic_a0331.npy: IDR: 98.40%    MR: 1.07%       FAR: 0.53%      IDA: 0.868 ms
arctic_a0333.npy: IDR: 98.13%    MR: 0.00%       FAR: 1.87%      IDA: 0.692 ms
arctic_a0327.npy: IDR: 89.96%    MR: 2.18%       FAR: 7.86%      IDA: 1.254 ms
arctic_a0325.npy: IDR: 95.30%    MR: 2.99%       FAR: 1.71%      IDA: 0.872 ms
arctic_a0334.npy: IDR: 98.82%    MR: 0.00%       FAR: 1.18%      IDA: 0.606 ms
arctic_a0340.npy: IDR: 93.75%    MR: 3.57%       FAR: 2.68%      IDA: 0.897 ms
arctic_a0338.npy: IDR: 97.97%    MR: 1.35%       FAR: 0.68%      IDA: 0.680 ms
arctic_a0335.npy: IDR: 93.81%    MR: 3.10%       FAR: 3.10%      IDA: 0.814 ms
arctic_a0339.npy: IDR: 96.36%    MR: 0.91%       FAR: 2.73%      IDA: 1.011 ms
arctic_a0341.npy: IDR: 95.90%    MR: 1.54%       FAR: 2.56%      IDA: 1.024 ms
arctic_a0342.npy: IDR: 90.26%    MR: 4.55%       FAR: 5.19%      IDA: 0.774 ms
arctic_a0343.npy: IDR: 96.13%    MR: 2.58%       FAR: 1.29%      IDA: 0.786 ms
arctic_a0336.npy: IDR: 97.44%    MR: 1.28%       FAR: 1.28%      IDA: 0.783 ms
arctic_a0332.npy: IDR: 98.38%    MR: 0.97%       FAR: 0.65%      IDA: 0.659 ms
arctic_a0346.npy: IDR: 97.71%    MR: 1.53%       FAR: 0.76%      IDA: 0.933 ms
arctic_a0337.npy: IDR: 98.79%    MR: 1.21%       FAR: 0.00%      IDA: 0.885 ms
arctic_a0351.npy: IDR: 97.27%    MR: 1.82%       FAR: 0.91%      IDA: 0.698 ms
arctic_a0344.npy: IDR: 98.92%    MR: 1.08%       FAR: 0.00%      IDA: 0.601 ms
arctic_a0348.npy: IDR: 98.82%    MR: 1.18%       FAR: 0.00%      IDA: 0.539 ms
arctic_a0345.npy: IDR: 96.34%    MR: 2.62%       FAR: 1.05%      IDA: 0.957 ms
arctic_a0352.npy: IDR: 95.28%    MR: 2.15%       FAR: 2.58%      IDA: 0.791 ms
arctic_a0349.npy: IDR: 97.87%    MR: 0.53%       FAR: 1.60%      IDA: 0.707 ms
arctic_a0354.npy: IDR: 100.00%   MR: 0.00%       FAR: 0.00%      IDA: 0.910 ms
arctic_a0353.npy: IDR: 94.62%    MR: 2.15%       FAR: 3.23%      IDA: 0.786 ms
arctic_a0350.npy: IDR: 97.22%    MR: 1.98%       FAR: 0.79%      IDA: 0.822 ms
arctic_a0355.npy: IDR: 97.39%    MR: 1.31%       FAR: 1.31%      IDA: 0.803 ms
arctic_a0356.npy: IDR: 98.09%    MR: 1.27%       FAR: 0.64%      IDA: 1.061 ms
arctic_a0347.npy: IDR: 96.30%    MR: 2.59%       FAR: 1.11%      IDA: 0.810 ms
arctic_a0362.npy: IDR: 97.17%    MR: 1.89%       FAR: 0.94%      IDA: 0.543 ms
arctic_a0359.npy: IDR: 96.91%    MR: 1.85%       FAR: 1.23%      IDA: 1.102 ms
arctic_a0363.npy: IDR: 96.93%    MR: 2.45%       FAR: 0.61%      IDA: 0.568 ms
arctic_a0357.npy: IDR: 92.38%    MR: 2.86%       FAR: 4.76%      IDA: 0.963 ms
arctic_a0360.npy: IDR: 96.83%    MR: 2.38%       FAR: 0.79%      IDA: 0.725 ms
arctic_a0361.npy: IDR: 97.61%    MR: 2.39%       FAR: 0.00%      IDA: 0.512 ms
arctic_a0365.npy: IDR: 93.43%    MR: 5.05%       FAR: 1.52%      IDA: 0.704 ms
arctic_a0364.npy: IDR: 97.26%    MR: 1.83%       FAR: 0.91%      IDA: 0.654 ms
arctic_a0358.npy: IDR: 97.09%    MR: 1.45%       FAR: 1.45%      IDA: 0.789 ms
arctic_a0367.npy: IDR: 94.00%    MR: 3.00%       FAR: 3.00%      IDA: 0.655 ms
arctic_a0370.npy: IDR: 97.58%    MR: 1.45%       FAR: 0.97%      IDA: 0.914 ms
arctic_a0371.npy: IDR: 96.61%    MR: 2.54%       FAR: 0.85%      IDA: 0.710 ms
arctic_a0374.npy: IDR: 97.67%    MR: 0.58%       FAR: 1.74%      IDA: 0.809 ms
arctic_a0368.npy: IDR: 98.78%    MR: 0.81%       FAR: 0.41%      IDA: 0.852 ms
arctic_a0372.npy: IDR: 97.84%    MR: 1.73%       FAR: 0.43%      IDA: 0.768 ms
arctic_a0373.npy: IDR: 96.25%    MR: 2.50%       FAR: 1.25%      IDA: 0.772 ms
arctic_a0379.npy: IDR: 96.15%    MR: 1.54%       FAR: 2.31%      IDA: 0.997 ms
arctic_a0369.npy: IDR: 96.68%    MR: 2.21%       FAR: 1.11%      IDA: 0.706 ms
arctic_a0366.npy: IDR: 93.98%    MR: 3.40%       FAR: 2.62%      IDA: 0.734 ms
arctic_a0381.npy: IDR: 95.60%    MR: 2.20%       FAR: 2.20%      IDA: 0.573 ms
arctic_a0378.npy: IDR: 97.02%    MR: 1.70%       FAR: 1.28%      IDA: 0.755 ms
arctic_a0376.npy: IDR: 98.10%    MR: 0.95%       FAR: 0.95%      IDA: 0.715 ms
arctic_a0377.npy: IDR: 96.91%    MR: 2.06%       FAR: 1.03%      IDA: 0.804 ms
arctic_a0385.npy: IDR: 100.00%   MR: 0.00%       FAR: 0.00%      IDA: 1.429 ms
arctic_a0384.npy: IDR: 97.95%    MR: 1.03%       FAR: 1.03%      IDA: 0.576 ms
arctic_a0375.npy: IDR: 98.00%    MR: 1.33%       FAR: 0.67%      IDA: 0.606 ms
arctic_a0388.npy: IDR: 96.38%    MR: 2.17%       FAR: 1.45%      IDA: 0.579 ms
arctic_a0386.npy: IDR: 92.22%    MR: 4.19%       FAR: 3.59%      IDA: 0.805 ms
arctic_a0389.npy: IDR: 97.10%    MR: 0.00%       FAR: 2.90%      IDA: 0.988 ms
arctic_a0382.npy: IDR: 98.95%    MR: 1.05%       FAR: 0.00%      IDA: 0.588 ms
arctic_a0383.npy: IDR: 95.86%    MR: 3.55%       FAR: 0.59%      IDA: 0.599 ms
arctic_a0390.npy: IDR: 98.25%    MR: 0.58%       FAR: 1.17%      IDA: 0.834 ms
arctic_a0380.npy: IDR: 97.35%    MR: 2.06%       FAR: 0.59%      IDA: 0.681 ms
arctic_a0393.npy: IDR: 95.19%    MR: 3.37%       FAR: 1.44%      IDA: 0.811 ms
arctic_a0391.npy: IDR: 97.88%    MR: 1.06%       FAR: 1.06%      IDA: 0.680 ms
arctic_a0396.npy: IDR: 90.50%    MR: 6.00%       FAR: 3.50%      IDA: 0.570 ms
arctic_a0394.npy: IDR: 97.16%    MR: 0.95%       FAR: 1.90%      IDA: 0.718 ms
arctic_a0397.npy: IDR: 96.95%    MR: 2.03%       FAR: 1.02%      IDA: 0.769 ms
arctic_a0392.npy: IDR: 94.07%    MR: 4.74%       FAR: 1.19%      IDA: 0.709 ms
arctic_a0399.npy: IDR: 98.50%    MR: 0.75%       FAR: 0.75%      IDA: 0.406 ms
arctic_a0387.npy: IDR: 96.04%    MR: 1.32%       FAR: 2.64%      IDA: 0.837 ms
arctic_a0400.npy: IDR: 96.79%    MR: 3.21%       FAR: 0.00%      IDA: 0.732 ms
arctic_a0395.npy: IDR: 97.00%    MR: 2.15%       FAR: 0.86%      IDA: 0.797 ms
arctic_a0404.npy: IDR: 98.16%    MR: 1.38%       FAR: 0.46%      IDA: 0.764 ms
arctic_a0401.npy: IDR: 96.30%    MR: 1.65%       FAR: 2.06%      IDA: 1.004 ms
arctic_a0403.npy: IDR: 96.06%    MR: 3.54%       FAR: 0.39%      IDA: 0.702 ms
arctic_a0406.npy: IDR: 98.15%    MR: 1.85%       FAR: 0.00%      IDA: 0.921 ms
arctic_a0398.npy: IDR: 97.30%    MR: 2.03%       FAR: 0.68%      IDA: 0.898 ms
arctic_a0402.npy: IDR: 95.80%    MR: 1.75%       FAR: 2.45%      IDA: 0.828 ms
arctic_a0409.npy: IDR: 96.88%    MR: 1.04%       FAR: 2.08%      IDA: 0.903 ms
arctic_a0405.npy: IDR: 92.57%    MR: 5.20%       FAR: 2.23%      IDA: 0.990 ms
arctic_a0413.npy: IDR: 98.08%    MR: 1.28%       FAR: 0.64%      IDA: 0.834 ms
arctic_a0412.npy: IDR: 97.69%    MR: 1.16%       FAR: 1.16%      IDA: 0.765 ms
arctic_a0414.npy: IDR: 93.90%    MR: 3.66%       FAR: 2.44%      IDA: 1.187 ms
arctic_a0410.npy: IDR: 96.60%    MR: 2.55%       FAR: 0.85%      IDA: 0.677 ms
arctic_a0415.npy: IDR: 94.00%    MR: 4.67%       FAR: 1.33%      IDA: 0.778 ms
arctic_a0408.npy: IDR: 97.02%    MR: 2.13%       FAR: 0.85%      IDA: 0.573 ms
arctic_a0411.npy: IDR: 98.60%    MR: 1.40%       FAR: 0.00%      IDA: 0.646 ms
arctic_a0417.npy: IDR: 93.81%    MR: 6.19%       FAR: 0.00%      IDA: 0.383 ms
arctic_a0421.npy: IDR: 96.13%    MR: 2.58%       FAR: 1.29%      IDA: 0.847 ms
arctic_a0418.npy: IDR: 95.98%    MR: 3.12%       FAR: 0.89%      IDA: 0.727 ms
arctic_a0419.npy: IDR: 95.95%    MR: 3.47%       FAR: 0.58%      IDA: 0.701 ms
arctic_a0416.npy: IDR: 96.54%    MR: 2.77%       FAR: 0.69%      IDA: 0.785 ms
arctic_a0423.npy: IDR: 97.13%    MR: 2.87%       FAR: 0.00%      IDA: 0.580 ms
arctic_a0420.npy: IDR: 95.89%    MR: 4.11%       FAR: 0.00%      IDA: 0.709 ms
arctic_a0426.npy: IDR: 96.98%    MR: 2.01%       FAR: 1.01%      IDA: 0.554 ms
arctic_a0407.npy: IDR: 95.22%    MR: 4.21%       FAR: 0.56%      IDA: 0.854 ms
arctic_a0427.npy: IDR: 98.31%    MR: 0.56%       FAR: 1.13%      IDA: 0.616 ms
arctic_a0425.npy: IDR: 93.83%    MR: 4.94%       FAR: 1.23%      IDA: 0.666 ms
arctic_a0422.npy: IDR: 95.52%    MR: 3.28%       FAR: 1.19%      IDA: 0.641 ms
arctic_a0428.npy: IDR: 91.78%    MR: 6.16%       FAR: 2.05%      IDA: 0.696 ms
arctic_a0424.npy: IDR: 98.77%    MR: 0.82%       FAR: 0.41%      IDA: 0.608 ms
arctic_a0432.npy: IDR: 98.03%    MR: 1.32%       FAR: 0.66%      IDA: 0.610 ms
arctic_a0431.npy: IDR: 92.86%    MR: 1.30%       FAR: 5.84%      IDA: 1.541 ms
arctic_a0435.npy: IDR: 99.45%    MR: 0.00%       FAR: 0.55%      IDA: 0.528 ms
arctic_a0436.npy: IDR: 100.00%   MR: 0.00%       FAR: 0.00%      IDA: 0.696 ms
arctic_a0434.npy: IDR: 96.97%    MR: 2.02%       FAR: 1.01%      IDA: 0.706 ms
arctic_a0433.npy: IDR: 97.03%    MR: 2.97%       FAR: 0.00%      IDA: 0.619 ms
arctic_a0440.npy: IDR: 97.73%    MR: 1.14%       FAR: 1.14%      IDA: 0.832 ms
arctic_a0430.npy: IDR: 96.86%    MR: 2.83%       FAR: 0.31%      IDA: 0.608 ms
arctic_a0429.npy: IDR: 98.05%    MR: 0.39%       FAR: 1.56%      IDA: 0.794 ms
arctic_a0443.npy: IDR: 99.25%    MR: 0.75%       FAR: 0.00%      IDA: 0.552 ms
arctic_a0438.npy: IDR: 98.06%    MR: 0.97%       FAR: 0.97%      IDA: 1.023 ms
arctic_a0444.npy: IDR: 93.67%    MR: 3.16%       FAR: 3.16%      IDA: 0.918 ms
arctic_a0442.npy: IDR: 94.06%    MR: 5.02%       FAR: 0.91%      IDA: 0.784 ms
arctic_a0445.npy: IDR: 93.59%    MR: 4.49%       FAR: 1.92%      IDA: 0.884 ms
arctic_a0437.npy: IDR: 95.34%    MR: 4.30%       FAR: 0.36%      IDA: 0.779 ms
arctic_a0439.npy: IDR: 98.28%    MR: 1.15%       FAR: 0.57%      IDA: 0.520 ms
arctic_a0447.npy: IDR: 97.13%    MR: 1.72%       FAR: 1.15%      IDA: 0.889 ms
arctic_a0441.npy: IDR: 94.89%    MR: 2.92%       FAR: 2.19%      IDA: 0.914 ms
arctic_a0450.npy: IDR: 97.96%    MR: 1.53%       FAR: 0.51%      IDA: 0.846 ms
arctic_a0446.npy: IDR: 93.03%    MR: 4.92%       FAR: 2.05%      IDA: 1.135 ms
arctic_a0448.npy: IDR: 98.95%    MR: 1.05%       FAR: 0.00%      IDA: 0.741 ms
arctic_a0453.npy: IDR: 100.00%   MR: 0.00%       FAR: 0.00%      IDA: 0.652 ms
arctic_a0451.npy: IDR: 98.47%    MR: 1.02%       FAR: 0.51%      IDA: 0.750 ms
arctic_a0454.npy: IDR: 94.12%    MR: 3.53%       FAR: 2.35%      IDA: 0.857 ms
arctic_a0449.npy: IDR: 99.19%    MR: 0.41%       FAR: 0.41%      IDA: 0.861 ms
arctic_a0452.npy: IDR: 98.29%    MR: 1.71%       FAR: 0.00%      IDA: 0.632 ms
arctic_a0457.npy: IDR: 94.94%    MR: 3.93%       FAR: 1.12%      IDA: 0.843 ms
arctic_a0458.npy: IDR: 98.54%    MR: 1.46%       FAR: 0.00%      IDA: 0.888 ms
arctic_a0459.npy: IDR: 95.07%    MR: 2.11%       FAR: 2.82%      IDA: 1.142 ms
arctic_a0460.npy: IDR: 98.17%    MR: 0.92%       FAR: 0.92%      IDA: 0.895 ms
arctic_a0456.npy: IDR: 94.65%    MR: 3.74%       FAR: 1.60%      IDA: 0.744 ms
arctic_a0455.npy: IDR: 94.40%    MR: 5.60%       FAR: 0.00%      IDA: 0.849 ms
arctic_a0461.npy: IDR: 96.63%    MR: 2.25%       FAR: 1.12%      IDA: 0.748 ms
arctic_a0462.npy: IDR: 95.89%    MR: 3.20%       FAR: 0.91%      IDA: 0.621 ms
arctic_a0467.npy: IDR: 99.27%    MR: 0.73%       FAR: 0.00%      IDA: 0.432 ms
arctic_a0465.npy: IDR: 92.49%    MR: 7.04%       FAR: 0.47%      IDA: 0.699 ms
arctic_a0468.npy: IDR: 97.51%    MR: 1.00%       FAR: 1.49%      IDA: 0.634 ms
arctic_a0463.npy: IDR: 98.26%    MR: 1.30%       FAR: 0.43%      IDA: 0.483 ms
arctic_a0470.npy: IDR: 91.61%    MR: 8.39%       FAR: 0.00%      IDA: 0.901 ms
arctic_a0466.npy: IDR: 97.60%    MR: 0.96%       FAR: 1.44%      IDA: 0.694 ms
arctic_a0469.npy: IDR: 96.53%    MR: 1.39%       FAR: 2.08%      IDA: 0.911 ms
arctic_a0473.npy: IDR: 98.33%    MR: 1.67%       FAR: 0.00%      IDA: 0.597 ms
arctic_a0464.npy: IDR: 97.18%    MR: 2.82%       FAR: 0.00%      IDA: 0.835 ms
arctic_a0471.npy: IDR: 96.30%    MR: 2.78%       FAR: 0.93%      IDA: 0.829 ms
arctic_a0476.npy: IDR: 99.27%    MR: 0.73%       FAR: 0.00%      IDA: 0.730 ms
arctic_a0475.npy: IDR: 97.31%    MR: 2.69%       FAR: 0.00%      IDA: 0.623 ms
arctic_a0480.npy: IDR: 96.77%    MR: 3.23%       FAR: 0.00%      IDA: 0.793 ms
arctic_a0474.npy: IDR: 96.56%    MR: 3.09%       FAR: 0.34%      IDA: 0.593 ms
arctic_a0484.npy: IDR: 97.59%    MR: 1.20%       FAR: 1.20%      IDA: 0.849 ms
arctic_a0478.npy: IDR: 97.99%    MR: 2.01%       FAR: 0.00%      IDA: 0.626 ms
arctic_a0477.npy: IDR: 98.21%    MR: 1.08%       FAR: 0.72%      IDA: 0.703 ms
arctic_a0479.npy: IDR: 97.37%    MR: 1.88%       FAR: 0.75%      IDA: 0.809 ms
arctic_a0472.npy: IDR: 99.19%    MR: 0.81%       FAR: 0.00%      IDA: 0.729 ms
arctic_a0482.npy: IDR: 96.56%    MR: 3.05%       FAR: 0.38%      IDA: 0.612 ms
arctic_a0486.npy: IDR: 97.79%    MR: 1.66%       FAR: 0.55%      IDA: 0.501 ms
arctic_a0485.npy: IDR: 98.22%    MR: 1.78%       FAR: 0.00%      IDA: 0.606 ms
arctic_a0481.npy: IDR: 97.88%    MR: 1.27%       FAR: 0.85%      IDA: 0.710 ms
arctic_a0483.npy: IDR: 93.59%    MR: 5.69%       FAR: 0.71%      IDA: 0.694 ms
arctic_a0489.npy: IDR: 94.53%    MR: 1.56%       FAR: 3.91%      IDA: 0.747 ms
arctic_a0488.npy: IDR: 98.45%    MR: 1.03%       FAR: 0.52%      IDA: 0.506 ms
arctic_a0492.npy: IDR: 97.30%    MR: 2.03%       FAR: 0.68%      IDA: 0.700 ms
arctic_a0493.npy: IDR: 97.09%    MR: 1.74%       FAR: 1.16%      IDA: 0.776 ms
arctic_a0496.npy: IDR: 100.00%   MR: 0.00%       FAR: 0.00%      IDA: 0.770 ms
arctic_a0495.npy: IDR: 93.91%    MR: 2.54%       FAR: 3.55%      IDA: 0.803 ms
arctic_a0490.npy: IDR: 96.63%    MR: 3.37%       FAR: 0.00%      IDA: 0.787 ms
arctic_a0497.npy: IDR: 100.00%   MR: 0.00%       FAR: 0.00%      IDA: 0.441 ms
arctic_a0491.npy: IDR: 99.58%    MR: 0.00%       FAR: 0.42%      IDA: 0.548 ms
arctic_a0494.npy: IDR: 96.71%    MR: 2.35%       FAR: 0.94%      IDA: 0.732 ms
arctic_a0498.npy: IDR: 97.48%    MR: 2.52%       FAR: 0.00%      IDA: 0.735 ms
arctic_a0487.npy: IDR: 93.09%    MR: 6.01%       FAR: 0.90%      IDA: 0.740 ms
arctic_a0499.npy: IDR: 97.24%    MR: 1.66%       FAR: 1.10%      IDA: 0.859 ms
arctic_a0504.npy: IDR: 93.58%    MR: 3.67%       FAR: 2.75%      IDA: 0.910 ms
arctic_a0500.npy: IDR: 93.94%    MR: 5.63%       FAR: 0.43%      IDA: 0.622 ms
arctic_a0505.npy: IDR: 97.40%    MR: 1.95%       FAR: 0.65%      IDA: 0.923 ms
arctic_a0501.npy: IDR: 97.20%    MR: 1.87%       FAR: 0.93%      IDA: 1.083 ms
arctic_a0506.npy: IDR: 93.56%    MR: 4.92%       FAR: 1.52%      IDA: 0.814 ms
arctic_a0508.npy: IDR: 97.66%    MR: 1.40%       FAR: 0.93%      IDA: 0.658 ms
arctic_a0503.npy: IDR: 94.57%    MR: 3.99%       FAR: 1.45%      IDA: 0.660 ms
arctic_a0509.npy: IDR: 98.40%    MR: 1.07%       FAR: 0.53%      IDA: 0.713 ms
