367-phrase.npy: IDR: 83.21%      MR: 8.40%       FAR: 8.40%      IDA: 1.789 ms
127-phrase.npy: IDR: 90.04%      MR: 6.22%       FAR: 3.73%      IDA: 1.202 ms
567-phrase.npy: IDR: 95.24%      MR: 1.06%       FAR: 3.70%      IDA: 0.355 ms
673-phrase.npy: IDR: 94.64%      MR: 1.79%       FAR: 3.57%      IDA: 1.187 ms
830-phrase.npy: IDR: 97.14%      MR: 1.90%       FAR: 0.95%      IDA: 0.160 ms
692-phrase.npy: IDR: 94.64%      MR: 2.98%       FAR: 2.38%      IDA: 1.267 ms
907-phrase.npy: IDR: 93.48%      MR: 3.26%       FAR: 3.26%      IDA: 0.493 ms
851-phrase.npy: IDR: 81.61%      MR: 4.60%       FAR: 13.79%     IDA: 2.558 ms
1241-phrase.npy: IDR: 83.19%     MR: 8.40%       FAR: 8.40%      IDA: 1.583 ms
1203-phrase.npy: IDR: 89.52%     MR: 2.62%       FAR: 7.86%      IDA: 1.371 ms
1193-phrase.npy: IDR: 86.81%     MR: 5.96%       FAR: 7.23%      IDA: 1.489 ms
1309-phrase.npy: IDR: 92.63%     MR: 4.21%       FAR: 3.16%      IDA: 1.318 ms
1443-phrase.npy: IDR: 92.65%     MR: 1.96%       FAR: 5.39%      IDA: 0.490 ms
1454-phrase.npy: IDR: 80.25%     MR: 8.64%       FAR: 11.11%     IDA: 1.705 ms
1501-phrase.npy: IDR: 84.06%     MR: 8.70%       FAR: 7.25%      IDA: 1.796 ms
1488-phrase.npy: IDR: 99.22%     MR: 0.00%       FAR: 0.78%      IDA: 0.068 ms
1550-phrase.npy: IDR: 97.97%     MR: 1.35%       FAR: 0.68%      IDA: 0.176 ms
1581-phrase.npy: IDR: 84.36%     MR: 7.11%       FAR: 8.53%      IDA: 1.924 ms
1659-phrase.npy: IDR: 88.24%     MR: 2.94%       FAR: 8.82%      IDA: 1.763 ms
1596-phrase.npy: IDR: 83.16%     MR: 4.21%       FAR: 12.63%     IDA: 1.547 ms
1687-phrase.npy: IDR: 99.46%     MR: 0.54%       FAR: 0.00%      IDA: 0.220 ms
1759-phrase.npy: IDR: 88.33%     MR: 3.33%       FAR: 8.33%      IDA: 1.423 ms
1681-phrase.npy: IDR: 91.94%     MR: 3.23%       FAR: 4.84%      IDA: 1.003 ms
1761-phrase.npy: IDR: 78.35%     MR: 11.34%      FAR: 10.31%     IDA: 2.095 ms
1793-phrase.npy: IDR: 99.47%     MR: 0.00%       FAR: 0.53%      IDA: 0.110 ms
1799-phrase.npy: IDR: 97.47%     MR: 0.00%       FAR: 2.53%      IDA: 0.827 ms
2074-phrase.npy: IDR: 87.41%     MR: 5.19%       FAR: 7.41%      IDA: 1.592 ms
1981-phrase.npy: IDR: 92.27%     MR: 2.42%       FAR: 5.31%      IDA: 1.151 ms
2102-phrase.npy: IDR: 83.82%     MR: 7.35%       FAR: 8.82%      IDA: 1.680 ms
2061-phrase.npy: IDR: 99.12%     MR: 0.88%       FAR: 0.00%      IDA: 0.140 ms
1813-phrase.npy: IDR: 85.86%     MR: 5.76%       FAR: 8.38%      IDA: 1.746 ms
2068-phrase.npy: IDR: 95.07%     MR: 4.23%       FAR: 0.70%      IDA: 0.268 ms
2103-phrase.npy: IDR: 97.99%     MR: 1.34%       FAR: 0.67%      IDA: 0.453 ms
2143-phrase.npy: IDR: 80.28%     MR: 10.56%      FAR: 9.15%      IDA: 1.552 ms
2184-phrase.npy: IDR: 75.63%     MR: 10.08%      FAR: 14.29%     IDA: 2.232 ms
2290-phrase.npy: IDR: 90.14%     MR: 4.93%       FAR: 4.93%      IDA: 0.845 ms
2187-phrase.npy: IDR: 90.53%     MR: 6.51%       FAR: 2.96%      IDA: 1.017 ms
2222-phrase.npy: IDR: 87.28%     MR: 5.78%       FAR: 6.94%      IDA: 1.165 ms
2114-phrase.npy: IDR: 86.39%     MR: 6.51%       FAR: 7.10%      IDA: 2.023 ms
2124-phrase.npy: IDR: 94.86%     MR: 1.40%       FAR: 3.74%      IDA: 0.974 ms
2313-phrase.npy: IDR: 97.14%     MR: 1.90%       FAR: 0.95%      IDA: 0.405 ms
2309-phrase.npy: IDR: 88.37%     MR: 3.49%       FAR: 8.14%      IDA: 1.689 ms
2308-phrase.npy: IDR: 84.77%     MR: 7.95%       FAR: 7.28%      IDA: 1.869 ms
2364-phrase.npy: IDR: 86.61%     MR: 5.51%       FAR: 7.87%      IDA: 1.625 ms
2335-phrase.npy: IDR: 85.27%     MR: 5.43%       FAR: 9.30%      IDA: 1.759 ms
2327-phrase.npy: IDR: 98.40%     MR: 1.60%       FAR: 0.00%      IDA: 0.362 ms
2322-phrase.npy: IDR: 85.14%     MR: 6.31%       FAR: 8.56%      IDA: 1.548 ms
2354-phrase.npy: IDR: 83.74%     MR: 7.32%       FAR: 8.94%      IDA: 0.835 ms
2371-phrase.npy: IDR: 88.21%     MR: 4.25%       FAR: 7.55%      IDA: 1.218 ms
2474-phrase.npy: IDR: 96.88%     MR: 2.08%       FAR: 1.04%      IDA: 0.220 ms
2398-phrase.npy: IDR: 92.12%     MR: 3.03%       FAR: 4.85%      IDA: 1.144 ms
2475-phrase.npy: IDR: 89.14%     MR: 5.71%       FAR: 5.14%      IDA: 1.246 ms
2486-phrase.npy: IDR: 76.52%     MR: 8.70%       FAR: 14.78%     IDA: 1.529 ms
2524-phrase.npy: IDR: 95.19%     MR: 3.85%       FAR: 0.96%      IDA: 0.332 ms
2552-phrase.npy: IDR: 92.75%     MR: 5.80%       FAR: 1.45%      IDA: 0.434 ms
2558-phrase.npy: IDR: 99.38%     MR: 0.00%       FAR: 0.62%      IDA: 0.093 ms

identification_rate:0.8988 miss_rate:0.04475 false_alarm_rate:0.05643 identification_accuracy:0.001126
