368-phrase.npy: IDR: 98.86%      MR: 0.00%       FAR: 1.14%      IDA: 0.119 ms
446-phrase.npy: IDR: 100.00%     MR: 0.00%       FAR: 0.00%      IDA: 0.207 ms
445-phrase.npy: IDR: 89.47%      MR: 3.51%       FAR: 7.02%      IDA: 1.600 ms
449-phrase.npy: IDR: 97.86%      MR: 0.00%       FAR: 2.14%      IDA: 0.182 ms
494-phrase.npy: IDR: 93.69%      MR: 2.91%       FAR: 3.40%      IDA: 0.740 ms
495-phrase.npy: IDR: 98.10%      MR: 1.90%       FAR: 0.00%      IDA: 0.142 ms
561-phrase.npy: IDR: 61.54%      MR: 25.00%      FAR: 13.46%     IDA: 2.376 ms
451-phrase.npy: IDR: 82.58%      MR: 7.87%       FAR: 9.55%      IDA: 1.521 ms
742-phrase.npy: IDR: 99.32%      MR: 0.68%       FAR: 0.00%      IDA: 0.192 ms
674-phrase.npy: IDR: 73.45%      MR: 14.16%      FAR: 12.39%     IDA: 2.076 ms
872-phrase.npy: IDR: 89.06%      MR: 5.47%       FAR: 5.47%      IDA: 1.093 ms
916-phrase.npy: IDR: 100.00%     MR: 0.00%       FAR: 0.00%      IDA: 0.188 ms
1187-phrase.npy: IDR: 75.76%     MR: 12.12%      FAR: 12.12%     IDA: 2.150 ms
925-phrase.npy: IDR: 98.44%      MR: 0.00%       FAR: 1.56%      IDA: 0.425 ms
1194-phrase.npy: IDR: 97.37%     MR: 1.32%       FAR: 1.32%      IDA: 0.210 ms
1086-phrase.npy: IDR: 92.47%     MR: 7.53%       FAR: 0.00%      IDA: 0.085 ms
1057-phrase.npy: IDR: 67.33%     MR: 18.67%      FAR: 14.00%     IDA: 1.873 ms
1247-phrase.npy: IDR: 55.81%     MR: 20.93%      FAR: 23.26%     IDA: 1.734 ms
1219-phrase.npy: IDR: 76.38%     MR: 13.39%      FAR: 10.24%     IDA: 1.627 ms
1250-phrase.npy: IDR: 90.07%     MR: 6.38%       FAR: 3.55%      IDA: 0.114 ms
1276-phrase.npy: IDR: 86.36%     MR: 4.55%       FAR: 9.09%      IDA: 1.802 ms
1248-phrase.npy: IDR: 98.99%     MR: 0.00%       FAR: 1.01%      IDA: 0.137 ms
1312-phrase.npy: IDR: 62.90%     MR: 20.97%      FAR: 16.13%     IDA: 2.747 ms
1387-phrase.npy: IDR: 100.00%    MR: 0.00%       FAR: 0.00%      IDA: 0.121 ms
1453-phrase.npy: IDR: 93.64%     MR: 2.73%       FAR: 3.64%      IDA: 1.037 ms
1455-phrase.npy: IDR: 99.06%     MR: 0.94%       FAR: 0.00%      IDA: 0.141 ms
1597-phrase.npy: IDR: 100.00%    MR: 0.00%       FAR: 0.00%      IDA: 0.078 ms
1457-phrase.npy: IDR: 99.50%     MR: 0.50%       FAR: 0.00%      IDA: 0.915 ms
1580-phrase.npy: IDR: 100.00%    MR: 0.00%       FAR: 0.00%      IDA: 0.168 ms
1485-phrase.npy: IDR: 74.47%     MR: 12.06%      FAR: 13.48%     IDA: 2.249 ms
1628-phrase.npy: IDR: 99.39%     MR: 0.61%       FAR: 0.00%      IDA: 0.105 ms
1633-phrase.npy: IDR: 91.88%     MR: 1.25%       FAR: 6.88%      IDA: 1.209 ms
1502-phrase.npy: IDR: 93.58%     MR: 2.29%       FAR: 4.13%      IDA: 1.252 ms
1657-phrase.npy: IDR: 88.79%     MR: 0.86%       FAR: 10.34%     IDA: 0.103 ms
1636-phrase.npy: IDR: 91.87%     MR: 3.83%       FAR: 4.31%      IDA: 1.044 ms
1751-phrase.npy: IDR: 100.00%    MR: 0.00%       FAR: 0.00%      IDA: 0.090 ms
1718-phrase.npy: IDR: 88.46%     MR: 4.81%       FAR: 6.73%      IDA: 1.551 ms
1768-phrase.npy: IDR: 94.57%     MR: 1.09%       FAR: 4.35%      IDA: 1.173 ms
1894-phrase.npy: IDR: 92.06%     MR: 4.76%       FAR: 3.17%      IDA: 0.851 ms
1833-phrase.npy: IDR: 93.36%     MR: 1.42%       FAR: 5.21%      IDA: 0.869 ms
2000-phrase.npy: IDR: 100.00%    MR: 0.00%       FAR: 0.00%      IDA: 0.224 ms
1984-phrase.npy: IDR: 91.97%     MR: 5.11%       FAR: 2.92%      IDA: 0.602 ms
2028-phrase.npy: IDR: 96.77%     MR: 1.08%       FAR: 2.15%      IDA: 0.175 ms
2087-phrase.npy: IDR: 88.00%     MR: 4.00%       FAR: 8.00%      IDA: 1.625 ms
2066-phrase.npy: IDR: 100.00%    MR: 0.00%       FAR: 0.00%      IDA: 0.300 ms
2019-phrase.npy: IDR: 47.83%     MR: 21.74%      FAR: 30.43%     IDA: 1.807 ms
2096-phrase.npy: IDR: 97.44%     MR: 0.85%       FAR: 1.71%      IDA: 0.177 ms
2091-phrase.npy: IDR: 95.41%     MR: 1.53%       FAR: 3.06%      IDA: 0.859 ms
2016-phrase.npy: IDR: 95.87%     MR: 0.83%       FAR: 3.31%      IDA: 0.204 ms
2097-phrase.npy: IDR: 94.58%     MR: 0.99%       FAR: 4.43%      IDA: 0.524 ms
2117-phrase.npy: IDR: 93.71%     MR: 2.80%       FAR: 3.50%      IDA: 1.293 ms
2118-phrase.npy: IDR: 98.64%     MR: 0.68%       FAR: 0.68%      IDA: 0.195 ms
2125-phrase.npy: IDR: 100.00%    MR: 0.00%       FAR: 0.00%      IDA: 0.477 ms
2152-phrase.npy: IDR: 97.50%     MR: 1.67%       FAR: 0.83%      IDA: 0.286 ms
2106-phrase.npy: IDR: 90.00%     MR: 3.60%       FAR: 6.40%      IDA: 1.323 ms
2126-phrase.npy: IDR: 100.00%    MR: 0.00%       FAR: 0.00%      IDA: 0.403 ms
2119-phrase.npy: IDR: 90.00%     MR: 3.53%       FAR: 6.47%      IDA: 1.273 ms
2120-phrase.npy: IDR: 95.80%     MR: 0.00%       FAR: 4.20%      IDA: 0.128 ms
2147-phrase.npy: IDR: 87.18%     MR: 4.49%       FAR: 8.33%      IDA: 1.512 ms
2127-phrase.npy: IDR: 75.25%     MR: 7.92%       FAR: 16.83%     IDA: 2.276 ms
2226-phrase.npy: IDR: 33.33%     MR: 33.33%      FAR: 33.33%     IDA: 0.857 ms
2217-phrase.npy: IDR: 68.42%     MR: 13.53%      FAR: 18.05%     IDA: 2.095 ms
2154-phrase.npy: IDR: 100.00%    MR: 0.00%       FAR: 0.00%      IDA: 0.126 ms
2219-phrase.npy: IDR: 99.45%     MR: 0.55%       FAR: 0.00%      IDA: 0.239 ms
2238-phrase.npy: IDR: 65.75%     MR: 12.33%      FAR: 21.92%     IDA: 2.460 ms
2311-phrase.npy: IDR: 75.21%     MR: 12.40%      FAR: 12.40%     IDA: 1.791 ms
2309-phrase.npy: IDR: 88.37%     MR: 3.49%       FAR: 8.14%      IDA: 1.689 ms
2266-phrase.npy: IDR: 92.52%     MR: 3.74%       FAR: 3.74%      IDA: 0.903 ms
2326-phrase.npy: IDR: 99.02%     MR: 0.98%       FAR: 0.00%      IDA: 0.165 ms
2323-phrase.npy: IDR: 98.14%     MR: 1.86%       FAR: 0.00%      IDA: 0.289 ms
2347-phrase.npy: IDR: 92.95%     MR: 3.85%       FAR: 3.21%      IDA: 0.811 ms
2333-phrase.npy: IDR: 91.22%     MR: 4.73%       FAR: 4.05%      IDA: 0.888 ms
2356-phrase.npy: IDR: 96.88%     MR: 1.56%       FAR: 1.56%      IDA: 0.193 ms
2350-phrase.npy: IDR: 92.05%     MR: 3.41%       FAR: 4.55%      IDA: 1.372 ms
2348-phrase.npy: IDR: 92.36%     MR: 6.94%       FAR: 0.69%      IDA: 0.255 ms
2325-phrase.npy: IDR: 97.93%     MR: 2.07%       FAR: 0.00%      IDA: 0.367 ms
2366-phrase.npy: IDR: 93.02%     MR: 3.72%       FAR: 3.26%      IDA: 0.749 ms
2369-phrase.npy: IDR: 97.97%     MR: 1.35%       FAR: 0.68%      IDA: 1.392 ms
2387-phrase.npy: IDR: 89.29%     MR: 5.61%       FAR: 5.10%      IDA: 1.480 ms
2388-phrase.npy: IDR: 88.50%     MR: 4.50%       FAR: 7.00%      IDA: 1.312 ms
2384-phrase.npy: IDR: 96.37%     MR: 2.59%       FAR: 1.04%      IDA: 0.734 ms
2401-phrase.npy: IDR: 96.49%     MR: 0.58%       FAR: 2.92%      IDA: 0.974 ms
2389-phrase.npy: IDR: 88.63%     MR: 5.69%       FAR: 5.69%      IDA: 1.715 ms
2422-phrase.npy: IDR: 65.22%     MR: 18.48%      FAR: 16.30%     IDA: 2.248 ms
2391-phrase.npy: IDR: 70.62%     MR: 15.00%      FAR: 14.37%     IDA: 2.326 ms
2392-phrase.npy: IDR: 99.07%     MR: 0.00%       FAR: 0.93%      IDA: 0.173 ms
2428-phrase.npy: IDR: 84.09%     MR: 5.30%       FAR: 10.61%     IDA: 1.611 ms
2405-phrase.npy: IDR: 95.33%     MR: 2.00%       FAR: 2.67%      IDA: 0.973 ms
2488-phrase.npy: IDR: 97.50%     MR: 1.67%       FAR: 0.83%      IDA: 0.229 ms
2436-phrase.npy: IDR: 99.43%     MR: 0.57%       FAR: 0.00%      IDA: 0.111 ms
2530-phrase.npy: IDR: 65.74%     MR: 14.81%      FAR: 19.44%     IDA: 2.430 ms
2461-phrase.npy: IDR: 97.44%     MR: 1.03%       FAR: 1.54%      IDA: 0.219 ms
2456-phrase.npy: IDR: 79.80%     MR: 8.08%       FAR: 12.12%     IDA: 1.381 ms
2544-phrase.npy: IDR: 84.62%     MR: 5.92%       FAR: 9.47%      IDA: 1.829 ms
2559-phrase.npy: IDR: 99.21%     MR: 0.79%       FAR: 0.00%      IDA: 0.416 ms
2537-phrase.npy: IDR: 96.34%     MR: 2.03%       FAR: 1.63%      IDA: 1.032 ms
2607-phrase.npy: IDR: 94.44%     MR: 3.17%       FAR: 2.38%      IDA: 0.933 ms
2575-phrase.npy: IDR: 90.91%     MR: 5.68%       FAR: 3.41%      IDA: 1.266 ms
2608-phrase.npy: IDR: 100.00%    MR: 0.00%       FAR: 0.00%      IDA: 0.277 ms
2583-phrase.npy: IDR: 83.93%     MR: 8.48%       FAR: 7.59%      IDA: 1.560 ms
2596-phrase.npy: IDR: 96.11%     MR: 1.41%       FAR: 2.47%      IDA: 0.177 ms

identification_rate:0.8966 miss_rate:0.04837 false_alarm_rate:0.05499 identification_accuracy:0.0009307
