350-phrase.npy: IDR: 90.23%      MR: 4.51%       FAR: 5.26%      IDA: 1.640 ms
631-phrase.npy: IDR: 99.10%      MR: 0.00%       FAR: 0.90%      IDA: 0.210 ms
351-phrase.npy: IDR: 90.66%      MR: 5.49%       FAR: 3.85%      IDA: 1.111 ms
634-phrase.npy: IDR: 98.70%      MR: 0.65%       FAR: 0.65%      IDA: 0.158 ms
718-phrase.npy: IDR: 84.67%      MR: 2.92%       FAR: 12.41%     IDA: 0.500 ms
722-phrase.npy: IDR: 99.05%      MR: 0.47%       FAR: 0.47%      IDA: 0.347 ms
729-phrase.npy: IDR: 80.77%      MR: 10.26%      FAR: 8.97%      IDA: 2.190 ms
730-phrase.npy: IDR: 99.52%      MR: 0.00%       FAR: 0.48%      IDA: 0.141 ms
723-phrase.npy: IDR: 89.16%      MR: 7.23%       FAR: 3.61%      IDA: 0.414 ms
727-phrase.npy: IDR: 93.33%      MR: 2.78%       FAR: 3.89%      IDA: 0.999 ms
870-phrase.npy: IDR: 72.34%      MR: 13.83%      FAR: 13.83%     IDA: 2.233 ms
878-phrase.npy: IDR: 93.02%      MR: 0.78%       FAR: 6.20%      IDA: 0.639 ms
851-phrase.npy: IDR: 81.61%      MR: 4.60%       FAR: 13.79%     IDA: 2.558 ms
1200-phrase.npy: IDR: 92.45%     MR: 2.83%       FAR: 4.72%      IDA: 0.670 ms
1230-phrase.npy: IDR: 99.19%     MR: 0.00%       FAR: 0.81%      IDA: 0.117 ms
913-phrase.npy: IDR: 70.21%      MR: 12.06%      FAR: 17.73%     IDA: 1.883 ms
1240-phrase.npy: IDR: 86.07%     MR: 5.74%       FAR: 8.20%      IDA: 1.610 ms
1241-phrase.npy: IDR: 83.19%     MR: 8.40%       FAR: 8.40%      IDA: 1.583 ms
1244-phrase.npy: IDR: 74.83%     MR: 12.59%      FAR: 12.59%     IDA: 2.130 ms
1254-phrase.npy: IDR: 69.44%     MR: 17.36%      FAR: 13.19%     IDA: 2.638 ms
1193-phrase.npy: IDR: 86.81%     MR: 5.96%       FAR: 7.23%      IDA: 1.489 ms
1309-phrase.npy: IDR: 92.63%     MR: 4.21%       FAR: 3.16%      IDA: 1.318 ms
1318-phrase.npy: IDR: 94.51%     MR: 4.40%       FAR: 1.10%      IDA: 0.172 ms
1281-phrase.npy: IDR: 73.30%     MR: 12.04%      FAR: 14.66%     IDA: 2.190 ms
1328-phrase.npy: IDR: 94.44%     MR: 4.44%       FAR: 1.11%      IDA: 0.186 ms
1258-phrase.npy: IDR: 98.80%     MR: 1.20%       FAR: 0.00%      IDA: 0.192 ms
1322-phrase.npy: IDR: 82.00%     MR: 12.00%      FAR: 6.00%      IDA: 2.255 ms
1400-phrase.npy: IDR: 90.32%     MR: 4.03%       FAR: 5.65%      IDA: 1.762 ms
1415-phrase.npy: IDR: 75.47%     MR: 11.32%      FAR: 13.21%     IDA: 1.551 ms
1432-phrase.npy: IDR: 89.93%     MR: 4.32%       FAR: 5.76%      IDA: 0.959 ms
1435-phrase.npy: IDR: 81.19%     MR: 4.95%       FAR: 13.86%     IDA: 1.560 ms
1326-phrase.npy: IDR: 90.00%     MR: 5.29%       FAR: 4.71%      IDA: 0.991 ms
1441-phrase.npy: IDR: 90.91%     MR: 5.19%       FAR: 3.90%      IDA: 1.358 ms
1552-phrase.npy: IDR: 88.79%     MR: 4.31%       FAR: 6.90%      IDA: 0.745 ms
1611-phrase.npy: IDR: 91.14%     MR: 1.27%       FAR: 7.59%      IDA: 1.063 ms
1609-phrase.npy: IDR: 69.77%     MR: 13.37%      FAR: 16.86%     IDA: 2.714 ms
1627-phrase.npy: IDR: 69.33%     MR: 14.00%      FAR: 16.67%     IDA: 2.386 ms
1589-phrase.npy: IDR: 91.50%     MR: 4.50%       FAR: 4.00%      IDA: 1.263 ms
1642-phrase.npy: IDR: 100.00%    MR: 0.00%       FAR: 0.00%      IDA: 0.093 ms
1659-phrase.npy: IDR: 88.24%     MR: 2.94%       FAR: 8.82%      IDA: 1.763 ms
1645-phrase.npy: IDR: 93.41%     MR: 2.75%       FAR: 3.85%      IDA: 1.013 ms
1680-phrase.npy: IDR: 64.96%     MR: 17.95%      FAR: 17.09%     IDA: 2.044 ms
1640-phrase.npy: IDR: 89.85%     MR: 5.58%       FAR: 4.57%      IDA: 1.137 ms
1685-phrase.npy: IDR: 90.67%     MR: 5.33%       FAR: 4.00%      IDA: 1.939 ms
1688-phrase.npy: IDR: 80.00%     MR: 7.37%       FAR: 12.63%     IDA: 2.129 ms
1681-phrase.npy: IDR: 91.94%     MR: 3.23%       FAR: 4.84%      IDA: 1.003 ms
1694-phrase.npy: IDR: 83.65%     MR: 5.03%       FAR: 11.32%     IDA: 2.107 ms
1798-phrase.npy: IDR: 96.47%     MR: 2.35%       FAR: 1.18%      IDA: 0.407 ms
1827-phrase.npy: IDR: 100.00%    MR: 0.00%       FAR: 0.00%      IDA: 0.128 ms
1742-phrase.npy: IDR: 82.55%     MR: 7.38%       FAR: 10.07%     IDA: 1.993 ms
1801-phrase.npy: IDR: 68.70%     MR: 14.78%      FAR: 16.52%     IDA: 1.889 ms
1824-phrase.npy: IDR: 89.88%     MR: 5.26%       FAR: 4.86%      IDA: 0.966 ms
1899-phrase.npy: IDR: 90.70%     MR: 2.33%       FAR: 6.98%      IDA: 0.824 ms
1862-phrase.npy: IDR: 81.33%     MR: 6.02%       FAR: 12.65%     IDA: 1.757 ms
1935-phrase.npy: IDR: 86.83%     MR: 5.99%       FAR: 7.19%      IDA: 1.480 ms
1958-phrase.npy: IDR: 92.51%     MR: 2.67%       FAR: 4.81%      IDA: 1.317 ms
1936-phrase.npy: IDR: 79.86%     MR: 9.72%       FAR: 10.42%     IDA: 1.899 ms
2006-phrase.npy: IDR: 99.35%     MR: 0.65%       FAR: 0.00%      IDA: 0.234 ms
1977-phrase.npy: IDR: 80.37%     MR: 9.35%       FAR: 10.28%     IDA: 2.092 ms
2123-phrase.npy: IDR: 88.10%     MR: 5.56%       FAR: 6.35%      IDA: 1.505 ms
1966-phrase.npy: IDR: 81.58%     MR: 8.77%       FAR: 9.65%      IDA: 1.682 ms
2231-phrase.npy: IDR: 98.14%     MR: 0.62%       FAR: 1.24%      IDA: 0.101 ms
2290-phrase.npy: IDR: 90.14%     MR: 4.93%       FAR: 4.93%      IDA: 0.845 ms
2112-phrase.npy: IDR: 77.48%     MR: 9.93%       FAR: 12.58%     IDA: 2.259 ms
2297-phrase.npy: IDR: 90.51%     MR: 3.80%       FAR: 5.70%      IDA: 1.403 ms
2267-phrase.npy: IDR: 83.72%     MR: 7.44%       FAR: 8.84%      IDA: 1.659 ms
2302-phrase.npy: IDR: 82.89%     MR: 7.89%       FAR: 9.21%      IDA: 1.300 ms
2265-phrase.npy: IDR: 95.07%     MR: 3.45%       FAR: 1.48%      IDA: 0.568 ms
2303-phrase.npy: IDR: 88.29%     MR: 6.31%       FAR: 5.41%      IDA: 1.371 ms
2308-phrase.npy: IDR: 84.77%     MR: 7.95%       FAR: 7.28%      IDA: 1.869 ms
2312-phrase.npy: IDR: 79.58%     MR: 9.15%       FAR: 11.27%     IDA: 1.887 ms
2313-phrase.npy: IDR: 97.14%     MR: 1.90%       FAR: 0.95%      IDA: 0.405 ms
2310-phrase.npy: IDR: 94.95%     MR: 3.03%       FAR: 2.02%      IDA: 0.950 ms
2360-phrase.npy: IDR: 83.61%     MR: 4.10%       FAR: 12.30%     IDA: 1.257 ms
2357-phrase.npy: IDR: 88.64%     MR: 4.55%       FAR: 6.82%      IDA: 0.936 ms
2359-phrase.npy: IDR: 80.30%     MR: 12.12%      FAR: 7.58%      IDA: 1.746 ms
2318-phrase.npy: IDR: 100.00%    MR: 0.00%       FAR: 0.00%      IDA: 0.133 ms
2327-phrase.npy: IDR: 98.40%     MR: 1.60%       FAR: 0.00%      IDA: 0.362 ms
2314-phrase.npy: IDR: 96.93%     MR: 1.84%       FAR: 1.23%      IDA: 0.522 ms
2336-phrase.npy: IDR: 98.92%     MR: 0.54%       FAR: 0.54%      IDA: 0.182 ms
2340-phrase.npy: IDR: 99.25%     MR: 0.00%       FAR: 0.75%      IDA: 0.099 ms
2382-phrase.npy: IDR: 92.74%     MR: 4.84%       FAR: 2.42%      IDA: 0.808 ms
2410-phrase.npy: IDR: 100.00%    MR: 0.00%       FAR: 0.00%      IDA: 0.436 ms
2365-phrase.npy: IDR: 91.30%     MR: 2.17%       FAR: 6.52%      IDA: 0.265 ms
2417-phrase.npy: IDR: 98.45%     MR: 0.52%       FAR: 1.04%      IDA: 0.087 ms
2413-phrase.npy: IDR: 98.00%     MR: 1.00%       FAR: 1.00%      IDA: 0.981 ms
2416-phrase.npy: IDR: 82.56%     MR: 9.30%       FAR: 8.14%      IDA: 1.933 ms
2419-phrase.npy: IDR: 99.38%     MR: 0.62%       FAR: 0.00%      IDA: 0.388 ms
2367-phrase.npy: IDR: 95.27%     MR: 1.18%       FAR: 3.55%      IDA: 0.781 ms
2429-phrase.npy: IDR: 89.74%     MR: 1.71%       FAR: 8.55%      IDA: 0.205 ms
2427-phrase.npy: IDR: 94.15%     MR: 1.60%       FAR: 4.26%      IDA: 0.836 ms
2442-phrase.npy: IDR: 93.10%     MR: 1.72%       FAR: 5.17%      IDA: 1.263 ms
2431-phrase.npy: IDR: 80.43%     MR: 9.78%       FAR: 9.78%      IDA: 2.008 ms
2446-phrase.npy: IDR: 84.15%     MR: 7.32%       FAR: 8.54%      IDA: 1.100 ms
2432-phrase.npy: IDR: 68.33%     MR: 16.67%      FAR: 15.00%     IDA: 1.861 ms
2444-phrase.npy: IDR: 98.10%     MR: 1.90%       FAR: 0.00%      IDA: 0.132 ms
2445-phrase.npy: IDR: 83.87%     MR: 8.29%       FAR: 7.83%      IDA: 1.467 ms
2448-phrase.npy: IDR: 95.56%     MR: 2.67%       FAR: 1.78%      IDA: 1.142 ms
2459-phrase.npy: IDR: 87.74%     MR: 6.60%       FAR: 5.66%      IDA: 1.451 ms
2477-phrase.npy: IDR: 83.89%     MR: 6.11%       FAR: 10.00%     IDA: 1.742 ms
2497-phrase.npy: IDR: 99.15%     MR: 0.00%       FAR: 0.85%      IDA: 0.081 ms
2457-phrase.npy: IDR: 95.20%     MR: 2.95%       FAR: 1.85%      IDA: 1.024 ms
2483-phrase.npy: IDR: 90.64%     MR: 4.68%       FAR: 4.68%      IDA: 0.561 ms
2502-phrase.npy: IDR: 95.53%     MR: 2.23%       FAR: 2.23%      IDA: 0.985 ms
2505-phrase.npy: IDR: 80.00%     MR: 6.67%       FAR: 13.33%     IDA: 2.121 ms
2504-phrase.npy: IDR: 82.26%     MR: 12.90%      FAR: 4.84%      IDA: 1.219 ms
2524-phrase.npy: IDR: 95.19%     MR: 3.85%       FAR: 0.96%      IDA: 0.332 ms
2499-phrase.npy: IDR: 85.57%     MR: 6.47%       FAR: 7.96%      IDA: 1.850 ms
2481-phrase.npy: IDR: 99.70%     MR: 0.00%       FAR: 0.30%      IDA: 0.186 ms
2506-phrase.npy: IDR: 54.30%     MR: 3.76%       FAR: 41.94%     IDA: 2.285 ms
2601-phrase.npy: IDR: 82.05%     MR: 4.49%       FAR: 13.46%     IDA: 1.080 ms
2528-phrase.npy: IDR: 89.07%     MR: 5.30%       FAR: 5.63%      IDA: 1.694 ms

identification_rate:0.8816 miss_rate:0.05257 false_alarm_rate:0.06587 identification_accuracy:0.001174
