140-phrase.npy: IDR: 91.34%      MR: 3.94%       FAR: 4.72%      IDA: 0.449 ms
106-phrase.npy: IDR: 98.21%      MR: 0.00%       FAR: 1.79%      IDA: 0.170 ms
127-phrase.npy: IDR: 90.04%      MR: 6.22%       FAR: 3.73%      IDA: 1.202 ms
144-phrase.npy: IDR: 80.95%      MR: 7.14%       FAR: 11.90%     IDA: 2.351 ms
159-phrase.npy: IDR: 98.68%      MR: 0.66%       FAR: 0.66%      IDA: 0.184 ms
363-phrase.npy: IDR: 88.17%      MR: 5.33%       FAR: 6.51%      IDA: 1.354 ms
160-phrase.npy: IDR: 95.95%      MR: 3.47%       FAR: 0.58%      IDA: 0.137 ms
355-phrase.npy: IDR: 92.37%      MR: 4.58%       FAR: 3.05%      IDA: 1.197 ms
499-phrase.npy: IDR: 87.27%      MR: 5.45%       FAR: 7.27%      IDA: 1.367 ms
348-phrase.npy: IDR: 99.58%      MR: 0.00%       FAR: 0.42%      IDA: 0.112 ms
669-phrase.npy: IDR: 91.53%      MR: 4.23%       FAR: 4.23%      IDA: 1.051 ms
724-phrase.npy: IDR: 86.80%      MR: 6.60%       FAR: 6.60%      IDA: 1.387 ms
692-phrase.npy: IDR: 94.64%      MR: 2.98%       FAR: 2.38%      IDA: 1.267 ms
665-phrase.npy: IDR: 95.89%      MR: 2.05%       FAR: 2.05%      IDA: 0.728 ms
819-phrase.npy: IDR: 97.00%      MR: 1.00%       FAR: 2.00%      IDA: 1.195 ms
829-phrase.npy: IDR: 99.23%      MR: 0.00%       FAR: 0.77%      IDA: 0.243 ms
827-phrase.npy: IDR: 85.29%      MR: 5.88%       FAR: 8.82%      IDA: 1.239 ms
854-phrase.npy: IDR: 99.10%      MR: 0.90%       FAR: 0.00%      IDA: 0.147 ms
857-phrase.npy: IDR: 76.32%      MR: 7.89%       FAR: 15.79%     IDA: 2.119 ms
881-phrase.npy: IDR: 76.74%      MR: 8.14%       FAR: 15.12%     IDA: 2.435 ms
850-phrase.npy: IDR: 98.29%      MR: 1.02%       FAR: 0.68%      IDA: 0.653 ms
888-phrase.npy: IDR: 84.00%      MR: 4.00%       FAR: 12.00%     IDA: 1.544 ms
889-phrase.npy: IDR: 90.31%      MR: 5.61%       FAR: 4.08%      IDA: 1.018 ms
868-phrase.npy: IDR: 85.43%      MR: 6.48%       FAR: 8.10%      IDA: 1.434 ms
890-phrase.npy: IDR: 87.67%      MR: 8.22%       FAR: 4.11%      IDA: 2.048 ms
898-phrase.npy: IDR: 90.32%      MR: 4.03%       FAR: 5.65%      IDA: 0.735 ms
894-phrase.npy: IDR: 99.33%      MR: 0.00%       FAR: 0.67%      IDA: 0.155 ms
909-phrase.npy: IDR: 86.29%      MR: 5.65%       FAR: 8.06%      IDA: 1.427 ms
922-phrase.npy: IDR: 97.94%      MR: 2.06%       FAR: 0.00%      IDA: 0.132 ms
934-phrase.npy: IDR: 73.13%      MR: 13.43%      FAR: 13.43%     IDA: 2.478 ms
1037-phrase.npy: IDR: 89.36%     MR: 5.67%       FAR: 4.96%      IDA: 0.867 ms
1043-phrase.npy: IDR: 97.60%     MR: 1.60%       FAR: 0.80%      IDA: 0.121 ms
1044-phrase.npy: IDR: 89.71%     MR: 5.88%       FAR: 4.41%      IDA: 1.345 ms
1050-phrase.npy: IDR: 65.85%     MR: 14.02%      FAR: 20.12%     IDA: 2.254 ms
1113-phrase.npy: IDR: 89.43%     MR: 4.88%       FAR: 5.69%      IDA: 1.039 ms
1088-phrase.npy: IDR: 82.19%     MR: 4.11%       FAR: 13.70%     IDA: 1.228 ms
1051-phrase.npy: IDR: 94.71%     MR: 2.65%       FAR: 2.65%      IDA: 0.593 ms
1083-phrase.npy: IDR: 100.00%    MR: 0.00%       FAR: 0.00%      IDA: 0.119 ms
1085-phrase.npy: IDR: 100.00%    MR: 0.00%       FAR: 0.00%      IDA: 0.125 ms
1090-phrase.npy: IDR: 86.54%     MR: 8.17%       FAR: 5.29%      IDA: 1.193 ms
1118-phrase.npy: IDR: 86.36%     MR: 5.45%       FAR: 8.18%      IDA: 1.466 ms
1189-phrase.npy: IDR: 91.18%     MR: 3.68%       FAR: 5.15%      IDA: 0.990 ms
1222-phrase.npy: IDR: 83.90%     MR: 7.63%       FAR: 8.47%      IDA: 1.890 ms
1282-phrase.npy: IDR: 100.00%    MR: 0.00%       FAR: 0.00%      IDA: 0.132 ms
1266-phrase.npy: IDR: 68.00%     MR: 12.80%      FAR: 19.20%     IDA: 2.001 ms
1280-phrase.npy: IDR: 73.58%     MR: 12.26%      FAR: 14.15%     IDA: 2.414 ms
1204-phrase.npy: IDR: 85.12%     MR: 7.74%       FAR: 7.14%      IDA: 1.619 ms
1284-phrase.npy: IDR: 89.06%     MR: 4.69%       FAR: 6.25%      IDA: 1.392 ms
1196-phrase.npy: IDR: 66.86%     MR: 16.86%      FAR: 16.28%     IDA: 2.655 ms
1285-phrase.npy: IDR: 98.68%     MR: 0.66%       FAR: 0.66%      IDA: 0.125 ms
1294-phrase.npy: IDR: 85.37%     MR: 6.71%       FAR: 7.93%      IDA: 1.466 ms
1299-phrase.npy: IDR: 83.12%     MR: 9.09%       FAR: 7.79%      IDA: 1.090 ms
1310-phrase.npy: IDR: 96.12%     MR: 3.88%       FAR: 0.00%      IDA: 0.101 ms
1324-phrase.npy: IDR: 90.00%     MR: 4.29%       FAR: 5.71%      IDA: 1.494 ms
1331-phrase.npy: IDR: 83.33%     MR: 6.41%       FAR: 10.26%     IDA: 1.563 ms
1335-phrase.npy: IDR: 95.14%     MR: 2.78%       FAR: 2.08%      IDA: 1.185 ms
1379-phrase.npy: IDR: 73.42%     MR: 11.39%      FAR: 15.19%     IDA: 1.995 ms
1380-phrase.npy: IDR: 91.09%     MR: 3.96%       FAR: 4.95%      IDA: 1.220 ms
1327-phrase.npy: IDR: 82.95%     MR: 6.98%       FAR: 10.08%     IDA: 2.015 ms
1431-phrase.npy: IDR: 90.00%     MR: 4.44%       FAR: 5.56%      IDA: 0.555 ms
1406-phrase.npy: IDR: 84.44%     MR: 6.67%       FAR: 8.89%      IDA: 1.777 ms
1442-phrase.npy: IDR: 87.58%     MR: 6.54%       FAR: 5.88%      IDA: 1.936 ms
1443-phrase.npy: IDR: 92.65%     MR: 1.96%       FAR: 5.39%      IDA: 0.490 ms
1394-phrase.npy: IDR: 95.71%     MR: 1.23%       FAR: 3.07%      IDA: 0.839 ms
1464-phrase.npy: IDR: 91.97%     MR: 5.84%       FAR: 2.19%      IDA: 1.022 ms
1459-phrase.npy: IDR: 85.71%     MR: 4.76%       FAR: 9.52%      IDA: 1.465 ms
1471-phrase.npy: IDR: 71.17%     MR: 11.71%      FAR: 17.12%     IDA: 2.551 ms
1462-phrase.npy: IDR: 90.83%     MR: 3.93%       FAR: 5.24%      IDA: 1.166 ms
1468-phrase.npy: IDR: 68.75%     MR: 11.81%      FAR: 19.44%     IDA: 2.455 ms
1476-phrase.npy: IDR: 87.07%     MR: 6.80%       FAR: 6.12%      IDA: 1.437 ms
1492-phrase.npy: IDR: 100.00%    MR: 0.00%       FAR: 0.00%      IDA: 0.200 ms
1562-phrase.npy: IDR: 74.67%     MR: 18.67%      FAR: 6.67%      IDA: 1.318 ms
1602-phrase.npy: IDR: 96.92%     MR: 0.00%       FAR: 3.08%      IDA: 0.134 ms
1569-phrase.npy: IDR: 100.00%    MR: 0.00%       FAR: 0.00%      IDA: 0.104 ms
1571-phrase.npy: IDR: 91.28%     MR: 1.38%       FAR: 7.34%      IDA: 0.453 ms
1566-phrase.npy: IDR: 87.03%     MR: 5.95%       FAR: 7.03%      IDA: 1.181 ms
1500-phrase.npy: IDR: 64.95%     MR: 18.22%      FAR: 16.82%     IDA: 2.009 ms
1607-phrase.npy: IDR: 85.11%     MR: 7.09%       FAR: 7.80%      IDA: 1.943 ms
1594-phrase.npy: IDR: 74.07%     MR: 9.26%       FAR: 16.67%     IDA: 2.057 ms
1637-phrase.npy: IDR: 93.83%     MR: 1.23%       FAR: 4.94%      IDA: 0.105 ms
1608-phrase.npy: IDR: 89.15%     MR: 5.43%       FAR: 5.43%      IDA: 1.334 ms
1643-phrase.npy: IDR: 96.28%     MR: 2.33%       FAR: 1.40%      IDA: 0.822 ms
1653-phrase.npy: IDR: 84.07%     MR: 15.93%      FAR: 0.00%      IDA: 0.240 ms
1591-phrase.npy: IDR: 99.70%     MR: 0.00%       FAR: 0.30%      IDA: 0.118 ms
1660-phrase.npy: IDR: 76.32%     MR: 10.53%      FAR: 13.16%     IDA: 2.273 ms
1682-phrase.npy: IDR: 83.76%     MR: 6.84%       FAR: 9.40%      IDA: 2.318 ms
1648-phrase.npy: IDR: 91.32%     MR: 4.15%       FAR: 4.53%      IDA: 1.630 ms
1686-phrase.npy: IDR: 96.86%     MR: 1.89%       FAR: 1.26%      IDA: 0.894 ms
1741-phrase.npy: IDR: 100.00%    MR: 0.00%       FAR: 0.00%      IDA: 0.129 ms
1690-phrase.npy: IDR: 95.44%     MR: 2.28%       FAR: 2.28%      IDA: 1.146 ms
1753-phrase.npy: IDR: 71.07%     MR: 16.35%      FAR: 12.58%     IDA: 2.729 ms
1745-phrase.npy: IDR: 92.23%     MR: 3.11%       FAR: 4.66%      IDA: 1.013 ms
1778-phrase.npy: IDR: 88.96%     MR: 6.13%       FAR: 4.91%      IDA: 1.063 ms
1777-phrase.npy: IDR: 82.61%     MR: 4.89%       FAR: 12.50%     IDA: 1.270 ms
1754-phrase.npy: IDR: 94.06%     MR: 4.11%       FAR: 1.83%      IDA: 0.858 ms
1792-phrase.npy: IDR: 91.72%     MR: 2.96%       FAR: 5.33%      IDA: 1.173 ms
1794-phrase.npy: IDR: 75.58%     MR: 9.30%       FAR: 15.12%     IDA: 2.269 ms
1800-phrase.npy: IDR: 93.37%     MR: 3.01%       FAR: 3.61%      IDA: 0.938 ms
1786-phrase.npy: IDR: 79.19%     MR: 11.41%      FAR: 9.40%      IDA: 2.174 ms
1802-phrase.npy: IDR: 93.12%     MR: 1.88%       FAR: 5.00%      IDA: 1.017 ms
1812-phrase.npy: IDR: 78.72%     MR: 6.38%       FAR: 14.89%     IDA: 0.676 ms
1822-phrase.npy: IDR: 87.27%     MR: 6.06%       FAR: 6.67%      IDA: 1.403 ms
1816-phrase.npy: IDR: 76.98%     MR: 7.14%       FAR: 15.87%     IDA: 2.205 ms
1758-phrase.npy: IDR: 82.53%     MR: 6.99%       FAR: 10.48%     IDA: 1.754 ms
1813-phrase.npy: IDR: 85.86%     MR: 5.76%       FAR: 8.38%      IDA: 1.746 ms
1887-phrase.npy: IDR: 86.26%     MR: 6.11%       FAR: 7.63%      IDA: 1.288 ms
1888-phrase.npy: IDR: 84.43%     MR: 8.98%       FAR: 6.59%      IDA: 1.576 ms
1861-phrase.npy: IDR: 95.03%     MR: 2.48%       FAR: 2.48%      IDA: 1.292 ms
1823-phrase.npy: IDR: 88.45%     MR: 4.78%       FAR: 6.77%      IDA: 1.682 ms
1891-phrase.npy: IDR: 93.28%     MR: 1.49%       FAR: 5.22%      IDA: 1.313 ms
1895-phrase.npy: IDR: 60.95%     MR: 18.10%      FAR: 20.95%     IDA: 1.777 ms
1898-phrase.npy: IDR: 85.71%     MR: 2.75%       FAR: 11.54%     IDA: 0.665 ms
1900-phrase.npy: IDR: 97.20%     MR: 1.40%       FAR: 1.40%      IDA: 0.200 ms
1903-phrase.npy: IDR: 100.00%    MR: 0.00%       FAR: 0.00%      IDA: 0.099 ms
1910-phrase.npy: IDR: 69.92%     MR: 15.79%      FAR: 14.29%     IDA: 1.891 ms
1927-phrase.npy: IDR: 86.75%     MR: 4.82%       FAR: 8.43%      IDA: 1.399 ms
1906-phrase.npy: IDR: 84.83%     MR: 6.90%       FAR: 8.28%      IDA: 1.601 ms
1944-phrase.npy: IDR: 72.15%     MR: 13.92%      FAR: 13.92%     IDA: 2.132 ms
1929-phrase.npy: IDR: 92.99%     MR: 3.82%       FAR: 3.18%      IDA: 0.873 ms
1934-phrase.npy: IDR: 97.81%     MR: 0.00%       FAR: 2.19%      IDA: 0.120 ms
1952-phrase.npy: IDR: 71.43%     MR: 12.78%      FAR: 15.79%     IDA: 2.296 ms
1982-phrase.npy: IDR: 84.09%     MR: 9.09%       FAR: 6.82%      IDA: 2.324 ms
1978-phrase.npy: IDR: 100.00%    MR: 0.00%       FAR: 0.00%      IDA: 0.112 ms
1988-phrase.npy: IDR: 76.92%     MR: 6.99%       FAR: 16.08%     IDA: 1.445 ms
1964-phrase.npy: IDR: 90.70%     MR: 4.65%       FAR: 4.65%      IDA: 1.215 ms
1989-phrase.npy: IDR: 89.04%     MR: 5.48%       FAR: 5.48%      IDA: 1.475 ms
1983-phrase.npy: IDR: 83.89%     MR: 4.70%       FAR: 11.41%     IDA: 1.994 ms
1976-phrase.npy: IDR: 88.53%     MR: 5.05%       FAR: 6.42%      IDA: 1.192 ms
1990-phrase.npy: IDR: 83.96%     MR: 5.66%       FAR: 10.38%     IDA: 0.892 ms
2012-phrase.npy: IDR: 82.18%     MR: 9.90%       FAR: 7.92%      IDA: 0.981 ms
2034-phrase.npy: IDR: 96.64%     MR: 0.67%       FAR: 2.68%      IDA: 1.172 ms
1993-phrase.npy: IDR: 84.81%     MR: 5.70%       FAR: 9.49%      IDA: 1.357 ms
2062-phrase.npy: IDR: 83.97%     MR: 6.87%       FAR: 9.16%      IDA: 1.861 ms
2067-phrase.npy: IDR: 73.58%     MR: 9.43%       FAR: 16.98%     IDA: 2.516 ms
2071-phrase.npy: IDR: 79.13%     MR: 8.70%       FAR: 12.17%     IDA: 1.634 ms
2081-phrase.npy: IDR: 100.00%    MR: 0.00%       FAR: 0.00%      IDA: 0.081 ms
2077-phrase.npy: IDR: 94.30%     MR: 2.63%       FAR: 3.07%      IDA: 0.655 ms
2080-phrase.npy: IDR: 92.55%     MR: 4.26%       FAR: 3.19%      IDA: 1.419 ms
2104-phrase.npy: IDR: 74.44%     MR: 12.22%      FAR: 13.33%     IDA: 2.289 ms
2102-phrase.npy: IDR: 83.82%     MR: 7.35%       FAR: 8.82%      IDA: 1.680 ms
2107-phrase.npy: IDR: 85.71%     MR: 7.14%       FAR: 7.14%      IDA: 1.548 ms
2090-phrase.npy: IDR: 88.74%     MR: 5.86%       FAR: 5.41%      IDA: 1.174 ms
2114-phrase.npy: IDR: 86.39%     MR: 6.51%       FAR: 7.10%      IDA: 2.023 ms
2122-phrase.npy: IDR: 86.15%     MR: 4.62%       FAR: 9.23%      IDA: 1.874 ms
2105-phrase.npy: IDR: 84.67%     MR: 5.23%       FAR: 10.10%     IDA: 1.596 ms
2121-phrase.npy: IDR: 79.10%     MR: 9.60%       FAR: 11.30%     IDA: 1.831 ms
2135-phrase.npy: IDR: 98.48%     MR: 0.00%       FAR: 1.52%      IDA: 0.183 ms
2124-phrase.npy: IDR: 94.86%     MR: 1.40%       FAR: 3.74%      IDA: 0.974 ms
2184-phrase.npy: IDR: 75.63%     MR: 10.08%      FAR: 14.29%     IDA: 2.232 ms
2185-phrase.npy: IDR: 95.76%     MR: 3.39%       FAR: 0.85%      IDA: 0.220 ms
2138-phrase.npy: IDR: 86.51%     MR: 5.58%       FAR: 7.91%      IDA: 1.521 ms
2186-phrase.npy: IDR: 98.71%     MR: 1.29%       FAR: 0.00%      IDA: 0.072 ms
2221-phrase.npy: IDR: 81.13%     MR: 6.60%       FAR: 12.26%     IDA: 1.539 ms
2151-phrase.npy: IDR: 94.24%     MR: 2.06%       FAR: 3.70%      IDA: 0.878 ms
2139-phrase.npy: IDR: 89.95%     MR: 4.31%       FAR: 5.74%      IDA: 1.569 ms
2215-phrase.npy: IDR: 62.50%     MR: 23.21%      FAR: 14.29%     IDA: 2.869 ms
2228-phrase.npy: IDR: 89.38%     MR: 5.62%       FAR: 5.00%      IDA: 1.148 ms
2224-phrase.npy: IDR: 95.18%     MR: 3.01%       FAR: 1.81%      IDA: 1.067 ms
2225-phrase.npy: IDR: 95.52%     MR: 0.75%       FAR: 3.73%      IDA: 0.840 ms
2229-phrase.npy: IDR: 96.36%     MR: 3.64%       FAR: 0.00%      IDA: 0.965 ms
2233-phrase.npy: IDR: 94.83%     MR: 0.00%       FAR: 5.17%      IDA: 0.168 ms
2230-phrase.npy: IDR: 99.32%     MR: 0.68%       FAR: 0.00%      IDA: 0.150 ms
2232-phrase.npy: IDR: 96.36%     MR: 2.73%       FAR: 0.91%      IDA: 0.442 ms
2239-phrase.npy: IDR: 100.00%    MR: 0.00%       FAR: 0.00%      IDA: 0.412 ms
2240-phrase.npy: IDR: 100.00%    MR: 0.00%       FAR: 0.00%      IDA: 0.103 ms
2245-phrase.npy: IDR: 94.04%     MR: 3.21%       FAR: 2.75%      IDA: 1.218 ms
2288-phrase.npy: IDR: 83.92%     MR: 8.39%       FAR: 7.69%      IDA: 1.662 ms
2270-phrase.npy: IDR: 97.14%     MR: 0.00%       FAR: 2.86%      IDA: 0.244 ms
2292-phrase.npy: IDR: 84.54%     MR: 7.73%       FAR: 7.73%      IDA: 1.573 ms
2272-phrase.npy: IDR: 86.84%     MR: 7.89%       FAR: 5.26%      IDA: 1.624 ms
2241-phrase.npy: IDR: 90.32%     MR: 0.00%       FAR: 9.68%      IDA: 0.118 ms
2298-phrase.npy: IDR: 80.82%     MR: 7.53%       FAR: 11.64%     IDA: 2.107 ms
2317-phrase.npy: IDR: 74.55%     MR: 11.82%      FAR: 13.64%     IDA: 2.246 ms
2338-phrase.npy: IDR: 71.72%     MR: 13.13%      FAR: 15.15%     IDA: 2.179 ms
2293-phrase.npy: IDR: 93.73%     MR: 3.14%       FAR: 3.14%      IDA: 0.884 ms
2331-phrase.npy: IDR: 84.21%     MR: 7.52%       FAR: 8.27%      IDA: 1.308 ms
2363-phrase.npy: IDR: 89.71%     MR: 4.41%       FAR: 5.88%      IDA: 1.536 ms
2307-phrase.npy: IDR: 91.35%     MR: 4.32%       FAR: 4.32%      IDA: 1.342 ms
2370-phrase.npy: IDR: 88.68%     MR: 5.03%       FAR: 6.29%      IDA: 1.446 ms
2374-phrase.npy: IDR: 88.67%     MR: 5.42%       FAR: 5.91%      IDA: 0.920 ms
2399-phrase.npy: IDR: 72.22%     MR: 13.33%      FAR: 14.44%     IDA: 2.264 ms
2420-phrase.npy: IDR: 98.92%     MR: 1.08%       FAR: 0.00%      IDA: 0.127 ms
2398-phrase.npy: IDR: 92.12%     MR: 3.03%       FAR: 4.85%      IDA: 1.144 ms
2378-phrase.npy: IDR: 75.96%     MR: 11.54%      FAR: 12.50%     IDA: 1.500 ms
2438-phrase.npy: IDR: 98.40%     MR: 1.60%       FAR: 0.00%      IDA: 0.083 ms
2425-phrase.npy: IDR: 88.95%     MR: 3.49%       FAR: 7.56%      IDA: 0.780 ms
2447-phrase.npy: IDR: 91.88%     MR: 2.50%       FAR: 5.62%      IDA: 1.427 ms
2449-phrase.npy: IDR: 88.82%     MR: 5.88%       FAR: 5.29%      IDA: 1.656 ms
2471-phrase.npy: IDR: 97.62%     MR: 1.59%       FAR: 0.79%      IDA: 0.120 ms
2466-phrase.npy: IDR: 72.86%     MR: 14.29%      FAR: 12.86%     IDA: 2.443 ms
2454-phrase.npy: IDR: 97.25%     MR: 1.83%       FAR: 0.92%      IDA: 0.715 ms
2479-phrase.npy: IDR: 93.49%     MR: 2.33%       FAR: 4.19%      IDA: 1.100 ms
2480-phrase.npy: IDR: 94.92%     MR: 1.13%       FAR: 3.95%      IDA: 0.956 ms
2487-phrase.npy: IDR: 95.41%     MR: 2.04%       FAR: 2.55%      IDA: 0.843 ms
2463-phrase.npy: IDR: 96.79%     MR: 0.40%       FAR: 2.81%      IDA: 0.336 ms
2492-phrase.npy: IDR: 99.32%     MR: 0.68%       FAR: 0.00%      IDA: 0.127 ms
2482-phrase.npy: IDR: 91.95%     MR: 3.81%       FAR: 4.24%      IDA: 1.203 ms
2521-phrase.npy: IDR: 100.00%    MR: 0.00%       FAR: 0.00%      IDA: 0.129 ms
2523-phrase.npy: IDR: 94.70%     MR: 0.76%       FAR: 4.55%      IDA: 0.098 ms
2526-phrase.npy: IDR: 84.08%     MR: 3.18%       FAR: 12.74%     IDA: 1.058 ms
2517-phrase.npy: IDR: 97.32%     MR: 2.30%       FAR: 0.38%      IDA: 0.127 ms
2572-phrase.npy: IDR: 86.96%     MR: 13.04%      FAR: 0.00%      IDA: 0.985 ms
2553-phrase.npy: IDR: 94.70%     MR: 2.27%       FAR: 3.03%      IDA: 0.807 ms
2546-phrase.npy: IDR: 85.31%     MR: 5.59%       FAR: 9.09%      IDA: 1.326 ms
2540-phrase.npy: IDR: 90.58%     MR: 2.24%       FAR: 7.17%      IDA: 1.172 ms
2545-phrase.npy: IDR: 99.49%     MR: 0.00%       FAR: 0.51%      IDA: 0.259 ms
2577-phrase.npy: IDR: 82.17%     MR: 6.98%       FAR: 10.85%     IDA: 1.141 ms
2603-phrase.npy: IDR: 89.58%     MR: 5.21%       FAR: 5.21%      IDA: 1.658 ms
2591-phrase.npy: IDR: 70.00%     MR: 7.27%       FAR: 22.73%     IDA: 2.420 ms
2589-phrase.npy: IDR: 70.71%     MR: 11.11%      FAR: 18.18%     IDA: 2.394 ms
2590-phrase.npy: IDR: 86.00%     MR: 6.00%       FAR: 8.00%      IDA: 1.734 ms
2604-phrase.npy: IDR: 91.00%     MR: 2.00%       FAR: 7.00%      IDA: 1.412 ms

identification_rate:0.8807 miss_rate:0.05323 false_alarm_rate:0.06605 identification_accuracy:0.001198
