129-phrase.npy: IDR: 98.67%      MR: 1.33%       FAR: 0.00%      IDA: 0.206 ms
352-phrase.npy: IDR: 100.00%     MR: 0.00%       FAR: 0.00%      IDA: 0.155 ms
446-phrase.npy: IDR: 100.00%     MR: 0.00%       FAR: 0.00%      IDA: 0.207 ms
503-phrase.npy: IDR: 97.85%      MR: 1.61%       FAR: 0.54%      IDA: 0.256 ms
718-phrase.npy: IDR: 84.67%      MR: 2.92%       FAR: 12.41%     IDA: 0.500 ms
721-phrase.npy: IDR: 82.53%      MR: 7.23%       FAR: 10.24%     IDA: 1.785 ms
814-phrase.npy: IDR: 100.00%     MR: 0.00%       FAR: 0.00%      IDA: 0.144 ms
895-phrase.npy: IDR: 100.00%     MR: 0.00%       FAR: 0.00%      IDA: 0.288 ms
923-phrase.npy: IDR: 81.53%      MR: 12.74%      FAR: 5.73%      IDA: 0.296 ms
1190-phrase.npy: IDR: 99.37%     MR: 0.63%       FAR: 0.00%      IDA: 0.159 ms
1218-phrase.npy: IDR: 99.11%     MR: 0.00%       FAR: 0.89%      IDA: 0.132 ms
876-phrase.npy: IDR: 91.06%      MR: 4.07%       FAR: 4.88%      IDA: 1.227 ms
910-phrase.npy: IDR: 83.96%      MR: 8.02%       FAR: 8.02%      IDA: 0.151 ms
1290-phrase.npy: IDR: 95.62%     MR: 4.38%       FAR: 0.00%      IDA: 0.128 ms
1195-phrase.npy: IDR: 99.51%     MR: 0.49%       FAR: 0.00%      IDA: 0.069 ms
1251-phrase.npy: IDR: 98.68%     MR: 0.88%       FAR: 0.44%      IDA: 0.194 ms
1305-phrase.npy: IDR: 99.47%     MR: 0.53%       FAR: 0.00%      IDA: 0.249 ms
1525-phrase.npy: IDR: 99.39%     MR: 0.00%       FAR: 0.61%      IDA: 0.136 ms
1481-phrase.npy: IDR: 83.67%     MR: 9.52%       FAR: 6.80%      IDA: 0.437 ms
1434-phrase.npy: IDR: 97.52%     MR: 0.00%       FAR: 2.48%      IDA: 0.217 ms
1450-phrase.npy: IDR: 62.30%     MR: 14.75%      FAR: 22.95%     IDA: 2.439 ms
1646-phrase.npy: IDR: 97.24%     MR: 2.07%       FAR: 0.69%      IDA: 0.139 ms
1551-phrase.npy: IDR: 100.00%    MR: 0.00%       FAR: 0.00%      IDA: 0.246 ms
1668-phrase.npy: IDR: 100.00%    MR: 0.00%       FAR: 0.00%      IDA: 0.271 ms
1746-phrase.npy: IDR: 100.00%    MR: 0.00%       FAR: 0.00%      IDA: 0.129 ms
1897-phrase.npy: IDR: 86.18%     MR: 13.82%      FAR: 0.00%      IDA: 0.073 ms
1819-phrase.npy: IDR: 100.00%    MR: 0.00%       FAR: 0.00%      IDA: 0.135 ms
1741-phrase.npy: IDR: 100.00%    MR: 0.00%       FAR: 0.00%      IDA: 0.129 ms
1647-phrase.npy: IDR: 99.63%     MR: 0.00%       FAR: 0.37%      IDA: 0.331 ms
1780-phrase.npy: IDR: 99.34%     MR: 0.66%       FAR: 0.00%      IDA: 0.171 ms
1747-phrase.npy: IDR: 99.11%     MR: 0.89%       FAR: 0.00%      IDA: 0.066 ms
1912-phrase.npy: IDR: 99.47%     MR: 0.53%       FAR: 0.00%      IDA: 0.131 ms
1967-phrase.npy: IDR: 97.89%     MR: 1.58%       FAR: 0.53%      IDA: 0.288 ms
2015-phrase.npy: IDR: 100.00%    MR: 0.00%       FAR: 0.00%      IDA: 0.103 ms
2034-phrase.npy: IDR: 96.64%     MR: 0.67%       FAR: 2.68%      IDA: 1.172 ms
1986-phrase.npy: IDR: 89.01%     MR: 5.49%       FAR: 5.49%      IDA: 1.170 ms
1999-phrase.npy: IDR: 98.93%     MR: 0.53%       FAR: 0.53%      IDA: 0.136 ms
2070-phrase.npy: IDR: 94.70%     MR: 1.99%       FAR: 3.31%      IDA: 1.348 ms
2027-phrase.npy: IDR: 99.39%     MR: 0.00%       FAR: 0.61%      IDA: 0.243 ms
2092-phrase.npy: IDR: 99.30%     MR: 0.70%       FAR: 0.00%      IDA: 0.650 ms
2103-phrase.npy: IDR: 97.99%     MR: 1.34%       FAR: 0.67%      IDA: 0.453 ms
2154-phrase.npy: IDR: 100.00%    MR: 0.00%       FAR: 0.00%      IDA: 0.126 ms
2135-phrase.npy: IDR: 98.48%     MR: 0.00%       FAR: 1.52%      IDA: 0.183 ms
2116-phrase.npy: IDR: 83.01%     MR: 5.88%       FAR: 11.11%     IDA: 1.603 ms
2231-phrase.npy: IDR: 98.14%     MR: 0.62%       FAR: 1.24%      IDA: 0.101 ms
2146-phrase.npy: IDR: 96.89%     MR: 2.22%       FAR: 0.89%      IDA: 0.474 ms
2326-phrase.npy: IDR: 99.02%     MR: 0.98%       FAR: 0.00%      IDA: 0.165 ms
2220-phrase.npy: IDR: 91.89%     MR: 4.05%       FAR: 4.05%      IDA: 0.985 ms
2340-phrase.npy: IDR: 99.25%     MR: 0.00%       FAR: 0.75%      IDA: 0.099 ms
2265-phrase.npy: IDR: 95.07%     MR: 3.45%       FAR: 1.48%      IDA: 0.568 ms
2403-phrase.npy: IDR: 100.00%    MR: 0.00%       FAR: 0.00%      IDA: 0.208 ms
2385-phrase.npy: IDR: 88.59%     MR: 3.26%       FAR: 8.15%      IDA: 0.237 ms
2401-phrase.npy: IDR: 96.49%     MR: 0.58%       FAR: 2.92%      IDA: 0.974 ms
2384-phrase.npy: IDR: 96.37%     MR: 2.59%       FAR: 1.04%      IDA: 0.734 ms
2406-phrase.npy: IDR: 97.12%     MR: 2.88%       FAR: 0.00%      IDA: 0.382 ms
2419-phrase.npy: IDR: 99.38%     MR: 0.62%       FAR: 0.00%      IDA: 0.388 ms
2420-phrase.npy: IDR: 98.92%     MR: 1.08%       FAR: 0.00%      IDA: 0.127 ms
2439-phrase.npy: IDR: 93.89%     MR: 0.56%       FAR: 5.56%      IDA: 0.926 ms
2474-phrase.npy: IDR: 96.88%     MR: 2.08%       FAR: 1.04%      IDA: 0.220 ms
2492-phrase.npy: IDR: 99.32%     MR: 0.68%       FAR: 0.00%      IDA: 0.127 ms
2498-phrase.npy: IDR: 96.64%     MR: 0.67%       FAR: 2.68%      IDA: 0.119 ms
2519-phrase.npy: IDR: 95.24%     MR: 3.81%       FAR: 0.95%      IDA: 0.384 ms
2547-phrase.npy: IDR: 98.63%     MR: 0.00%       FAR: 1.37%      IDA: 0.107 ms
2531-phrase.npy: IDR: 89.63%     MR: 5.81%       FAR: 4.56%      IDA: 1.032 ms
2489-phrase.npy: IDR: 99.15%     MR: 0.85%       FAR: 0.00%      IDA: 0.167 ms
2506-phrase.npy: IDR: 54.30%     MR: 3.76%       FAR: 41.94%     IDA: 2.285 ms
2568-phrase.npy: IDR: 100.00%    MR: 0.00%       FAR: 0.00%      IDA: 0.143 ms
2543-phrase.npy: IDR: 99.60%     MR: 0.40%       FAR: 0.00%      IDA: 0.151 ms
2580-phrase.npy: IDR: 98.53%     MR: 0.74%       FAR: 0.74%      IDA: 0.224 ms
2555-phrase.npy: IDR: 87.80%     MR: 9.76%       FAR: 2.44%      IDA: 0.685 ms
2586-phrase.npy: IDR: 98.82%     MR: 0.59%       FAR: 0.59%      IDA: 0.369 ms

identification_rate:0.9517 miss_rate:0.02216 false_alarm_rate:0.02618 identification_accuracy:0.0004373
