139-phrase.npy: IDR: 100.00%     MR: 0.00%       FAR: 0.00%      IDA: 0.228 ms
107-phrase.npy: IDR: 82.11%      MR: 4.21%       FAR: 13.68%     IDA: 0.918 ms
141-phrase.npy: IDR: 91.67%      MR: 6.25%       FAR: 2.08%      IDA: 2.481 ms
493-phrase.npy: IDR: 99.16%      MR: 0.84%       FAR: 0.00%      IDA: 0.274 ms
497-phrase.npy: IDR: 99.26%      MR: 0.00%       FAR: 0.74%      IDA: 0.085 ms
498-phrase.npy: IDR: 85.71%      MR: 6.77%       FAR: 7.52%      IDA: 2.106 ms
563-phrase.npy: IDR: 95.10%      MR: 3.50%       FAR: 1.40%      IDA: 0.201 ms
715-phrase.npy: IDR: 73.95%      MR: 12.61%      FAR: 13.45%     IDA: 2.443 ms
824-phrase.npy: IDR: 99.22%      MR: 0.00%       FAR: 0.78%      IDA: 0.093 ms
568-phrase.npy: IDR: 97.54%      MR: 0.49%       FAR: 1.97%      IDA: 0.721 ms
819-phrase.npy: IDR: 97.00%      MR: 1.00%       FAR: 2.00%      IDA: 1.195 ms
818-phrase.npy: IDR: 98.06%      MR: 1.94%       FAR: 0.00%      IDA: 2.105 ms
828-phrase.npy: IDR: 96.88%      MR: 1.88%       FAR: 1.25%      IDA: 0.155 ms
884-phrase.npy: IDR: 89.90%      MR: 8.08%       FAR: 2.02%      IDA: 0.200 ms
886-phrase.npy: IDR: 92.95%      MR: 3.21%       FAR: 3.85%      IDA: 0.279 ms
871-phrase.npy: IDR: 93.96%      MR: 2.75%       FAR: 3.30%      IDA: 1.081 ms
904-phrase.npy: IDR: 87.50%      MR: 12.50%      FAR: 0.00%      IDA: 0.475 ms
902-phrase.npy: IDR: 79.31%      MR: 11.49%      FAR: 9.20%      IDA: 0.978 ms
910-phrase.npy: IDR: 83.96%      MR: 8.02%       FAR: 8.02%      IDA: 0.151 ms
919-phrase.npy: IDR: 88.89%      MR: 7.64%       FAR: 3.47%      IDA: 1.719 ms
844-phrase.npy: IDR: 68.04%      MR: 13.40%      FAR: 18.56%     IDA: 2.077 ms
935-phrase.npy: IDR: 98.35%      MR: 0.00%       FAR: 1.65%      IDA: 0.215 ms
918-phrase.npy: IDR: 99.07%      MR: 0.00%       FAR: 0.93%      IDA: 0.417 ms
931-phrase.npy: IDR: 94.48%      MR: 2.76%       FAR: 2.76%      IDA: 1.142 ms
1046-phrase.npy: IDR: 88.89%     MR: 5.29%       FAR: 5.82%      IDA: 1.190 ms
930-phrase.npy: IDR: 98.36%      MR: 1.09%       FAR: 0.55%      IDA: 0.305 ms
1161-phrase.npy: IDR: 96.55%     MR: 3.45%       FAR: 0.00%      IDA: 0.268 ms
1119-phrase.npy: IDR: 62.16%     MR: 15.32%      FAR: 22.52%     IDA: 2.542 ms
1047-phrase.npy: IDR: 85.71%     MR: 7.37%       FAR: 6.91%      IDA: 1.667 ms
1192-phrase.npy: IDR: 80.42%     MR: 6.29%       FAR: 13.29%     IDA: 1.931 ms
1188-phrase.npy: IDR: 78.57%     MR: 8.93%       FAR: 12.50%     IDA: 2.061 ms
1163-phrase.npy: IDR: 92.54%     MR: 2.99%       FAR: 4.48%      IDA: 1.100 ms
1221-phrase.npy: IDR: 88.43%     MR: 3.31%       FAR: 8.26%      IDA: 0.948 ms
1233-phrase.npy: IDR: 63.79%     MR: 14.66%      FAR: 21.55%     IDA: 2.419 ms
1229-phrase.npy: IDR: 99.12%     MR: 0.88%       FAR: 0.00%      IDA: 0.061 ms
1228-phrase.npy: IDR: 87.43%     MR: 6.28%       FAR: 6.28%      IDA: 1.483 ms
1235-phrase.npy: IDR: 97.83%     MR: 2.17%       FAR: 0.00%      IDA: 0.156 ms
1246-phrase.npy: IDR: 98.90%     MR: 0.00%       FAR: 1.10%      IDA: 0.121 ms
1237-phrase.npy: IDR: 97.10%     MR: 2.17%       FAR: 0.72%      IDA: 0.142 ms
1248-phrase.npy: IDR: 98.99%     MR: 0.00%       FAR: 1.01%      IDA: 0.137 ms
1264-phrase.npy: IDR: 100.00%    MR: 0.00%       FAR: 0.00%      IDA: 1.271 ms
1260-phrase.npy: IDR: 91.67%     MR: 3.79%       FAR: 4.55%      IDA: 0.744 ms
1274-phrase.npy: IDR: 98.41%     MR: 0.79%       FAR: 0.79%      IDA: 0.344 ms
1257-phrase.npy: IDR: 96.80%     MR: 1.37%       FAR: 1.83%      IDA: 0.486 ms
1265-phrase.npy: IDR: 76.78%     MR: 11.37%      FAR: 11.85%     IDA: 2.060 ms
1259-phrase.npy: IDR: 99.56%     MR: 0.44%       FAR: 0.00%      IDA: 0.255 ms
1295-phrase.npy: IDR: 89.11%     MR: 3.96%       FAR: 6.93%      IDA: 1.595 ms
1300-phrase.npy: IDR: 75.00%     MR: 10.42%      FAR: 14.58%     IDA: 1.625 ms
1283-phrase.npy: IDR: 95.93%     MR: 4.07%       FAR: 0.00%      IDA: 0.103 ms
1307-phrase.npy: IDR: 90.72%     MR: 4.12%       FAR: 5.15%      IDA: 1.049 ms
1311-phrase.npy: IDR: 97.94%     MR: 0.52%       FAR: 1.55%      IDA: 0.446 ms
1315-phrase.npy: IDR: 77.32%     MR: 5.15%       FAR: 17.53%     IDA: 3.116 ms
1388-phrase.npy: IDR: 94.30%     MR: 2.53%       FAR: 3.16%      IDA: 0.856 ms
1301-phrase.npy: IDR: 100.00%    MR: 0.00%       FAR: 0.00%      IDA: 0.112 ms
1404-phrase.npy: IDR: 86.90%     MR: 7.59%       FAR: 5.52%      IDA: 1.881 ms
1405-phrase.npy: IDR: 98.02%     MR: 0.50%       FAR: 1.49%      IDA: 0.122 ms
1414-phrase.npy: IDR: 95.11%     MR: 3.11%       FAR: 1.78%      IDA: 0.382 ms
1426-phrase.npy: IDR: 83.22%     MR: 13.99%      FAR: 2.80%      IDA: 0.317 ms
1440-phrase.npy: IDR: 97.04%     MR: 1.48%       FAR: 1.48%      IDA: 0.148 ms
1436-phrase.npy: IDR: 99.43%     MR: 0.57%       FAR: 0.00%      IDA: 0.543 ms
1418-phrase.npy: IDR: 98.69%     MR: 0.87%       FAR: 0.44%      IDA: 0.206 ms
1456-phrase.npy: IDR: 98.92%     MR: 1.08%       FAR: 0.00%      IDA: 0.148 ms
1447-phrase.npy: IDR: 99.19%     MR: 0.00%       FAR: 0.81%      IDA: 0.063 ms
1472-phrase.npy: IDR: 92.62%     MR: 3.28%       FAR: 4.10%      IDA: 0.665 ms
1599-phrase.npy: IDR: 98.47%     MR: 1.53%       FAR: 0.00%      IDA: 0.102 ms
1567-phrase.npy: IDR: 98.77%     MR: 0.61%       FAR: 0.61%      IDA: 0.291 ms
1463-phrase.npy: IDR: 98.96%     MR: 0.00%       FAR: 1.04%      IDA: 0.109 ms
1554-phrase.npy: IDR: 96.25%     MR: 3.12%       FAR: 0.62%      IDA: 0.148 ms
1578-phrase.npy: IDR: 99.19%     MR: 0.00%       FAR: 0.81%      IDA: 0.818 ms
1613-phrase.npy: IDR: 94.23%     MR: 4.81%       FAR: 0.96%      IDA: 0.608 ms
1610-phrase.npy: IDR: 85.88%     MR: 5.88%       FAR: 8.24%      IDA: 1.485 ms
1665-phrase.npy: IDR: 100.00%    MR: 0.00%       FAR: 0.00%      IDA: 0.103 ms
1617-phrase.npy: IDR: 100.00%    MR: 0.00%       FAR: 0.00%      IDA: 0.156 ms
1614-phrase.npy: IDR: 99.35%     MR: 0.65%       FAR: 0.00%      IDA: 0.204 ms
1629-phrase.npy: IDR: 98.06%     MR: 1.29%       FAR: 0.65%      IDA: 0.095 ms
1783-phrase.npy: IDR: 91.03%     MR: 5.13%       FAR: 3.85%      IDA: 1.408 ms
1780-phrase.npy: IDR: 99.34%     MR: 0.66%       FAR: 0.00%      IDA: 0.171 ms
1591-phrase.npy: IDR: 99.70%     MR: 0.00%       FAR: 0.30%      IDA: 0.118 ms
1795-phrase.npy: IDR: 91.89%     MR: 0.00%       FAR: 8.11%      IDA: 0.443 ms
1809-phrase.npy: IDR: 73.29%     MR: 16.15%      FAR: 10.56%     IDA: 0.171 ms
1806-phrase.npy: IDR: 88.54%     MR: 7.01%       FAR: 4.46%      IDA: 1.469 ms
1796-phrase.npy: IDR: 92.75%     MR: 2.90%       FAR: 4.35%      IDA: 0.770 ms
1930-phrase.npy: IDR: 91.44%     MR: 4.28%       FAR: 4.28%      IDA: 0.858 ms
1965-phrase.npy: IDR: 99.34%     MR: 0.00%       FAR: 0.66%      IDA: 0.149 ms
1940-phrase.npy: IDR: 86.32%     MR: 3.16%       FAR: 10.53%     IDA: 0.926 ms
1953-phrase.npy: IDR: 98.96%     MR: 1.04%       FAR: 0.00%      IDA: 0.176 ms
1978-phrase.npy: IDR: 100.00%    MR: 0.00%       FAR: 0.00%      IDA: 0.112 ms
1973-phrase.npy: IDR: 81.82%     MR: 9.09%       FAR: 9.09%      IDA: 1.676 ms
2012-phrase.npy: IDR: 82.18%     MR: 9.90%       FAR: 7.92%      IDA: 0.981 ms
2028-phrase.npy: IDR: 96.77%     MR: 1.08%       FAR: 2.15%      IDA: 0.175 ms
2003-phrase.npy: IDR: 100.00%    MR: 0.00%       FAR: 0.00%      IDA: 0.878 ms
1987-phrase.npy: IDR: 98.49%     MR: 0.00%       FAR: 1.51%      IDA: 0.591 ms
2021-phrase.npy: IDR: 79.55%     MR: 7.39%       FAR: 13.07%     IDA: 1.909 ms
2079-phrase.npy: IDR: 90.00%     MR: 5.62%       FAR: 4.38%      IDA: 0.993 ms
2075-phrase.npy: IDR: 89.92%     MR: 5.88%       FAR: 4.20%      IDA: 1.433 ms
2101-phrase.npy: IDR: 83.58%     MR: 16.42%      FAR: 0.00%      IDA: 1.351 ms
2097-phrase.npy: IDR: 94.58%     MR: 0.99%       FAR: 4.43%      IDA: 0.524 ms
2126-phrase.npy: IDR: 100.00%    MR: 0.00%       FAR: 0.00%      IDA: 0.403 ms
2156-phrase.npy: IDR: 97.66%     MR: 0.58%       FAR: 1.75%      IDA: 0.130 ms
2110-phrase.npy: IDR: 94.17%     MR: 1.94%       FAR: 3.88%      IDA: 1.269 ms
2120-phrase.npy: IDR: 95.80%     MR: 0.00%       FAR: 4.20%      IDA: 0.128 ms
2191-phrase.npy: IDR: 86.30%     MR: 6.67%       FAR: 7.04%      IDA: 1.561 ms
2128-phrase.npy: IDR: 89.68%     MR: 5.81%       FAR: 4.52%      IDA: 1.321 ms
2242-phrase.npy: IDR: 79.01%     MR: 11.11%      FAR: 9.88%      IDA: 1.051 ms
2219-phrase.npy: IDR: 99.45%     MR: 0.55%       FAR: 0.00%      IDA: 0.239 ms
2276-phrase.npy: IDR: 84.93%     MR: 4.79%       FAR: 10.27%     IDA: 1.472 ms
2301-phrase.npy: IDR: 99.46%     MR: 0.54%       FAR: 0.00%      IDA: 0.209 ms
2296-phrase.npy: IDR: 89.84%     MR: 4.69%       FAR: 5.47%      IDA: 1.290 ms
2351-phrase.npy: IDR: 99.22%     MR: 0.78%       FAR: 0.00%      IDA: 0.784 ms
2305-phrase.npy: IDR: 99.47%     MR: 0.53%       FAR: 0.00%      IDA: 0.302 ms
2321-phrase.npy: IDR: 97.09%     MR: 0.97%       FAR: 1.94%      IDA: 0.107 ms
2315-phrase.npy: IDR: 95.02%     MR: 0.38%       FAR: 4.60%      IDA: 0.455 ms
2328-phrase.npy: IDR: 100.00%    MR: 0.00%       FAR: 0.00%      IDA: 0.134 ms
2370-phrase.npy: IDR: 88.68%     MR: 5.03%       FAR: 6.29%      IDA: 1.446 ms
2435-phrase.npy: IDR: 97.71%     MR: 1.71%       FAR: 0.57%      IDA: 0.162 ms
2424-phrase.npy: IDR: 100.00%    MR: 0.00%       FAR: 0.00%      IDA: 0.164 ms
2443-phrase.npy: IDR: 93.83%     MR: 2.47%       FAR: 3.70%      IDA: 1.024 ms
2511-phrase.npy: IDR: 91.67%     MR: 4.17%       FAR: 4.17%      IDA: 0.109 ms
2404-phrase.npy: IDR: 97.92%     MR: 1.39%       FAR: 0.69%      IDA: 0.332 ms
2487-phrase.npy: IDR: 95.41%     MR: 2.04%       FAR: 2.55%      IDA: 0.843 ms
2510-phrase.npy: IDR: 85.11%     MR: 5.85%       FAR: 9.04%      IDA: 1.426 ms
2514-phrase.npy: IDR: 86.21%     MR: 5.17%       FAR: 8.62%      IDA: 1.564 ms
2521-phrase.npy: IDR: 100.00%    MR: 0.00%       FAR: 0.00%      IDA: 0.129 ms
2525-phrase.npy: IDR: 96.86%     MR: 1.26%       FAR: 1.89%      IDA: 0.207 ms
2516-phrase.npy: IDR: 83.81%     MR: 6.67%       FAR: 9.52%      IDA: 1.701 ms
2556-phrase.npy: IDR: 100.00%    MR: 0.00%       FAR: 0.00%      IDA: 0.120 ms
2542-phrase.npy: IDR: 100.00%    MR: 0.00%       FAR: 0.00%      IDA: 0.124 ms
2541-phrase.npy: IDR: 75.95%     MR: 3.05%       FAR: 20.99%     IDA: 1.012 ms
2567-phrase.npy: IDR: 97.01%     MR: 1.49%       FAR: 1.49%      IDA: 0.179 ms
2574-phrase.npy: IDR: 89.42%     MR: 4.81%       FAR: 5.77%      IDA: 1.736 ms
2555-phrase.npy: IDR: 87.80%     MR: 9.76%       FAR: 2.44%      IDA: 0.685 ms
2582-phrase.npy: IDR: 90.53%     MR: 5.33%       FAR: 4.14%      IDA: 0.898 ms
2578-phrase.npy: IDR: 87.96%     MR: 6.28%       FAR: 5.76%      IDA: 1.216 ms
2588-phrase.npy: IDR: 99.25%     MR: 0.00%       FAR: 0.75%      IDA: 0.099 ms
2600-phrase.npy: IDR: 96.69%     MR: 3.31%       FAR: 0.00%      IDA: 0.152 ms
2585-phrase.npy: IDR: 93.00%     MR: 3.70%       FAR: 3.29%      IDA: 1.245 ms
2605-phrase.npy: IDR: 85.06%     MR: 7.47%       FAR: 7.47%      IDA: 1.126 ms
2602-phrase.npy: IDR: 82.39%     MR: 8.18%       FAR: 9.43%      IDA: 1.672 ms
2610-phrase.npy: IDR: 85.54%     MR: 5.62%       FAR: 8.84%      IDA: 1.881 ms

identification_rate:0.9218 miss_rate:0.03735 false_alarm_rate:0.04084 identification_accuracy:0.0007936
