495-phrase.npy: IDR: 98.10%      MR: 1.90%       FAR: 0.00%      IDA: 0.142 ms
564-phrase.npy: IDR: 93.20%      MR: 3.40%       FAR: 3.40%      IDA: 1.315 ms
627-phrase.npy: IDR: 86.70%      MR: 5.91%       FAR: 7.39%      IDA: 1.611 ms
630-phrase.npy: IDR: 99.03%      MR: 0.49%       FAR: 0.49%      IDA: 0.171 ms
632-phrase.npy: IDR: 93.58%      MR: 2.67%       FAR: 3.74%      IDA: 0.944 ms
720-phrase.npy: IDR: 77.50%      MR: 12.50%      FAR: 10.00%     IDA: 1.830 ms
886-phrase.npy: IDR: 92.95%      MR: 3.21%       FAR: 3.85%      IDA: 0.279 ms
901-phrase.npy: IDR: 64.29%      MR: 35.71%      FAR: 0.00%      IDA: 1.782 ms
1045-phrase.npy: IDR: 96.28%     MR: 1.06%       FAR: 2.66%      IDA: 0.139 ms
889-phrase.npy: IDR: 90.31%      MR: 5.61%       FAR: 4.08%      IDA: 1.018 ms
821-phrase.npy: IDR: 92.98%      MR: 4.39%       FAR: 2.63%      IDA: 0.532 ms
1056-phrase.npy: IDR: 100.00%    MR: 0.00%       FAR: 0.00%      IDA: 0.098 ms
1046-phrase.npy: IDR: 88.89%     MR: 5.29%       FAR: 5.82%      IDA: 1.190 ms
1090-phrase.npy: IDR: 86.54%     MR: 8.17%       FAR: 5.29%      IDA: 1.193 ms
1229-phrase.npy: IDR: 99.12%     MR: 0.88%       FAR: 0.00%      IDA: 0.061 ms
1206-phrase.npy: IDR: 94.82%     MR: 1.55%       FAR: 3.63%      IDA: 0.815 ms
1253-phrase.npy: IDR: 83.45%     MR: 4.32%       FAR: 12.23%     IDA: 0.685 ms
1221-phrase.npy: IDR: 88.43%     MR: 3.31%       FAR: 8.26%      IDA: 0.948 ms
1274-phrase.npy: IDR: 98.41%     MR: 0.79%       FAR: 0.79%      IDA: 0.344 ms
1382-phrase.npy: IDR: 69.64%     MR: 16.07%      FAR: 14.29%     IDA: 1.901 ms
1447-phrase.npy: IDR: 99.19%     MR: 0.00%       FAR: 0.81%      IDA: 0.063 ms
1436-phrase.npy: IDR: 99.43%     MR: 0.57%       FAR: 0.00%      IDA: 0.543 ms
1453-phrase.npy: IDR: 93.64%     MR: 2.73%       FAR: 3.64%      IDA: 1.037 ms
1462-phrase.npy: IDR: 90.83%     MR: 3.93%       FAR: 5.24%      IDA: 1.166 ms
1656-phrase.npy: IDR: 83.67%     MR: 5.44%       FAR: 10.88%     IDA: 1.693 ms
1572-phrase.npy: IDR: 96.69%     MR: 0.83%       FAR: 2.48%      IDA: 0.123 ms
1563-phrase.npy: IDR: 82.35%     MR: 8.02%       FAR: 9.63%      IDA: 1.460 ms
1667-phrase.npy: IDR: 91.79%     MR: 4.48%       FAR: 3.73%      IDA: 0.494 ms
1610-phrase.npy: IDR: 85.88%     MR: 5.88%       FAR: 8.24%      IDA: 1.485 ms
1500-phrase.npy: IDR: 64.95%     MR: 18.22%      FAR: 16.82%     IDA: 2.009 ms
1717-phrase.npy: IDR: 97.98%     MR: 1.01%       FAR: 1.01%      IDA: 0.259 ms
1721-phrase.npy: IDR: 94.85%     MR: 1.03%       FAR: 4.12%      IDA: 0.741 ms
1778-phrase.npy: IDR: 88.96%     MR: 6.13%       FAR: 4.91%      IDA: 1.063 ms
1889-phrase.npy: IDR: 89.34%     MR: 4.57%       FAR: 6.09%      IDA: 1.594 ms
1963-phrase.npy: IDR: 99.12%     MR: 0.88%       FAR: 0.00%      IDA: 0.131 ms
1890-phrase.npy: IDR: 100.00%    MR: 0.00%       FAR: 0.00%      IDA: 0.390 ms
1828-phrase.npy: IDR: 62.31%     MR: 18.46%      FAR: 19.23%     IDA: 2.137 ms
1941-phrase.npy: IDR: 90.36%     MR: 5.58%       FAR: 4.06%      IDA: 0.893 ms
1946-phrase.npy: IDR: 87.26%     MR: 3.77%       FAR: 8.96%      IDA: 1.159 ms
1811-phrase.npy: IDR: 84.03%     MR: 11.76%      FAR: 4.20%      IDA: 1.804 ms
2098-phrase.npy: IDR: 70.00%     MR: 8.75%       FAR: 21.25%     IDA: 2.149 ms
2089-phrase.npy: IDR: 93.64%     MR: 2.73%       FAR: 3.64%      IDA: 0.468 ms
2031-phrase.npy: IDR: 98.02%     MR: 0.79%       FAR: 1.19%      IDA: 0.803 ms
2110-phrase.npy: IDR: 94.17%     MR: 1.94%       FAR: 3.88%      IDA: 1.269 ms
2118-phrase.npy: IDR: 98.64%     MR: 0.68%       FAR: 0.68%      IDA: 0.195 ms
2161-phrase.npy: IDR: 94.59%     MR: 5.41%       FAR: 0.00%      IDA: 0.130 ms
2112-phrase.npy: IDR: 77.48%     MR: 9.93%       FAR: 12.58%     IDA: 2.259 ms
2188-phrase.npy: IDR: 87.80%     MR: 6.10%       FAR: 6.10%      IDA: 0.182 ms
2193-phrase.npy: IDR: 94.15%     MR: 2.92%       FAR: 2.92%      IDA: 0.570 ms
2211-phrase.npy: IDR: 92.50%     MR: 5.00%       FAR: 2.50%      IDA: 1.004 ms
2344-phrase.npy: IDR: 100.00%    MR: 0.00%       FAR: 0.00%      IDA: 0.186 ms
2333-phrase.npy: IDR: 91.22%     MR: 4.73%       FAR: 4.05%      IDA: 0.888 ms
2305-phrase.npy: IDR: 99.47%     MR: 0.53%       FAR: 0.00%      IDA: 0.302 ms
2358-phrase.npy: IDR: 82.73%     MR: 6.36%       FAR: 10.91%     IDA: 1.600 ms
2345-phrase.npy: IDR: 86.51%     MR: 7.94%       FAR: 5.56%      IDA: 1.319 ms
2271-phrase.npy: IDR: 11.11%     MR: 66.67%      FAR: 22.22%     IDA: 0.000 ms
2375-phrase.npy: IDR: 93.52%     MR: 3.70%       FAR: 2.78%      IDA: 0.590 ms
2381-phrase.npy: IDR: 66.67%     MR: 9.80%       FAR: 23.53%     IDA: 1.243 ms
2449-phrase.npy: IDR: 88.82%     MR: 5.88%       FAR: 5.29%      IDA: 1.656 ms
2426-phrase.npy: IDR: 100.00%    MR: 0.00%       FAR: 0.00%      IDA: 0.439 ms
2491-phrase.npy: IDR: 78.38%     MR: 12.16%      FAR: 9.46%      IDA: 1.538 ms
2411-phrase.npy: IDR: 84.67%     MR: 5.84%       FAR: 9.49%      IDA: 1.721 ms
2588-phrase.npy: IDR: 99.25%     MR: 0.00%       FAR: 0.75%      IDA: 0.099 ms
2573-phrase.npy: IDR: 98.21%     MR: 0.90%       FAR: 0.90%      IDA: 0.122 ms
2595-phrase.npy: IDR: 75.76%     MR: 9.09%       FAR: 15.15%     IDA: 2.444 ms
2591-phrase.npy: IDR: 70.00%     MR: 7.27%       FAR: 22.73%     IDA: 2.420 ms
2594-phrase.npy: IDR: 99.58%     MR: 0.00%       FAR: 0.42%      IDA: 0.182 ms
2518-phrase.npy: IDR: 97.98%     MR: 1.44%       FAR: 0.58%      IDA: 0.713 ms

identification_rate:0.8826 miss_rate:0.05987 false_alarm_rate:0.05752 identification_accuracy:0.0009373
