108-phrase.npy: IDR: 95.92%      MR: 0.51%       FAR: 3.57%      IDA: 1.213 ms
105-phrase.npy: IDR: 85.38%      MR: 6.15%       FAR: 8.46%      IDA: 1.544 ms
120-phrase.npy: IDR: 81.70%      MR: 5.23%       FAR: 13.07%     IDA: 1.682 ms
128-phrase.npy: IDR: 97.83%      MR: 2.17%       FAR: 0.00%      IDA: 0.906 ms
130-phrase.npy: IDR: 69.23%      MR: 15.38%      FAR: 15.38%     IDA: 2.260 ms
138-phrase.npy: IDR: 70.21%      MR: 23.40%      FAR: 6.38%      IDA: 2.467 ms
142-phrase.npy: IDR: 75.00%      MR: 12.50%      FAR: 12.50%     IDA: 1.498 ms
155-phrase.npy: IDR: 90.79%      MR: 9.21%       FAR: 0.00%      IDA: 0.707 ms
152-phrase.npy: IDR: 70.92%      MR: 14.80%      FAR: 14.29%     IDA: 2.027 ms
358-phrase.npy: IDR: 99.10%      MR: 0.00%       FAR: 0.90%      IDA: 0.113 ms
150-phrase.npy: IDR: 87.91%      MR: 6.23%       FAR: 5.86%      IDA: 1.553 ms
356-phrase.npy: IDR: 83.90%      MR: 5.08%       FAR: 11.02%     IDA: 1.788 ms
352-phrase.npy: IDR: 100.00%     MR: 0.00%       FAR: 0.00%      IDA: 0.155 ms
362-phrase.npy: IDR: 79.03%      MR: 10.48%      FAR: 10.48%     IDA: 2.651 ms
364-phrase.npy: IDR: 83.33%      MR: 8.33%       FAR: 8.33%      IDA: 1.925 ms
450-phrase.npy: IDR: 93.99%      MR: 1.64%       FAR: 4.37%      IDA: 1.483 ms
365-phrase.npy: IDR: 100.00%     MR: 0.00%       FAR: 0.00%      IDA: 0.129 ms
448-phrase.npy: IDR: 95.56%      MR: 2.96%       FAR: 1.48%      IDA: 0.867 ms
492-phrase.npy: IDR: 77.78%      MR: 11.11%      FAR: 11.11%     IDA: 1.914 ms
627-phrase.npy: IDR: 86.70%      MR: 5.91%       FAR: 7.39%      IDA: 1.611 ms
565-phrase.npy: IDR: 100.00%     MR: 0.00%       FAR: 0.00%      IDA: 0.094 ms
629-phrase.npy: IDR: 97.50%      MR: 1.50%       FAR: 1.00%      IDA: 0.649 ms
632-phrase.npy: IDR: 93.58%      MR: 2.67%       FAR: 3.74%      IDA: 0.944 ms
633-phrase.npy: IDR: 88.00%      MR: 5.60%       FAR: 6.40%      IDA: 1.263 ms
670-phrase.npy: IDR: 99.35%      MR: 0.65%       FAR: 0.00%      IDA: 0.939 ms
712-phrase.npy: IDR: 89.19%      MR: 3.38%       FAR: 7.43%      IDA: 1.395 ms
725-phrase.npy: IDR: 95.88%      MR: 1.76%       FAR: 2.35%      IDA: 1.348 ms
716-phrase.npy: IDR: 90.18%      MR: 4.91%       FAR: 4.91%      IDA: 1.467 ms
671-phrase.npy: IDR: 90.62%      MR: 3.57%       FAR: 5.80%      IDA: 1.360 ms
726-phrase.npy: IDR: 90.14%      MR: 9.86%       FAR: 0.00%      IDA: 0.686 ms
728-phrase.npy: IDR: 75.86%      MR: 13.79%      FAR: 10.34%     IDA: 2.052 ms
825-phrase.npy: IDR: 77.42%      MR: 7.26%       FAR: 15.32%     IDA: 2.283 ms
864-phrase.npy: IDR: 86.52%      MR: 7.09%       FAR: 6.38%      IDA: 2.047 ms
855-phrase.npy: IDR: 86.13%      MR: 6.57%       FAR: 7.30%      IDA: 1.538 ms
849-phrase.npy: IDR: 97.13%      MR: 2.87%       FAR: 0.00%      IDA: 0.881 ms
869-phrase.npy: IDR: 83.57%      MR: 7.04%       FAR: 9.39%      IDA: 2.065 ms
880-phrase.npy: IDR: 99.21%      MR: 0.79%       FAR: 0.00%      IDA: 0.160 ms
874-phrase.npy: IDR: 80.00%      MR: 6.67%       FAR: 13.33%     IDA: 1.456 ms
879-phrase.npy: IDR: 88.59%      MR: 4.89%       FAR: 6.52%      IDA: 1.504 ms
883-phrase.npy: IDR: 83.72%      MR: 4.65%       FAR: 11.63%     IDA: 1.428 ms
893-phrase.npy: IDR: 98.47%      MR: 0.76%       FAR: 0.76%      IDA: 0.187 ms
897-phrase.npy: IDR: 69.09%      MR: 12.73%      FAR: 18.18%     IDA: 2.018 ms
908-phrase.npy: IDR: 100.00%     MR: 0.00%       FAR: 0.00%      IDA: 0.391 ms
896-phrase.npy: IDR: 91.96%      MR: 6.25%       FAR: 1.79%      IDA: 0.171 ms
912-phrase.npy: IDR: 97.75%      MR: 1.12%       FAR: 1.12%      IDA: 0.475 ms
887-phrase.npy: IDR: 80.00%      MR: 6.67%       FAR: 13.33%     IDA: 0.303 ms
859-phrase.npy: IDR: 51.81%      MR: 33.05%      FAR: 15.15%     IDA: 2.315 ms
914-phrase.npy: IDR: 85.19%      MR: 14.81%      FAR: 0.00%      IDA: 1.631 ms
926-phrase.npy: IDR: 70.63%      MR: 10.32%      FAR: 19.05%     IDA: 2.049 ms
1040-phrase.npy: IDR: 70.00%     MR: 15.00%      FAR: 15.00%     IDA: 1.827 ms
1054-phrase.npy: IDR: 85.12%     MR: 7.44%       FAR: 7.44%      IDA: 1.878 ms
929-phrase.npy: IDR: 87.57%      MR: 4.32%       FAR: 8.11%      IDA: 1.495 ms
928-phrase.npy: IDR: 70.34%      MR: 15.86%      FAR: 13.79%     IDA: 2.015 ms
924-phrase.npy: IDR: 76.64%      MR: 12.41%      FAR: 10.95%     IDA: 1.665 ms
1120-phrase.npy: IDR: 98.39%     MR: 1.08%       FAR: 0.54%      IDA: 0.180 ms
1049-phrase.npy: IDR: 95.60%     MR: 1.47%       FAR: 2.93%      IDA: 0.948 ms
1166-phrase.npy: IDR: 25.51%     MR: 65.59%      FAR: 8.91%      IDA: 3.414 ms
1223-phrase.npy: IDR: 96.62%     MR: 0.68%       FAR: 2.70%      IDA: 0.762 ms
1206-phrase.npy: IDR: 94.82%     MR: 1.55%       FAR: 3.63%      IDA: 0.815 ms
1249-phrase.npy: IDR: 92.47%     MR: 1.08%       FAR: 6.45%      IDA: 0.906 ms
1262-phrase.npy: IDR: 65.56%     MR: 13.33%      FAR: 21.11%     IDA: 2.332 ms
1263-phrase.npy: IDR: 88.57%     MR: 4.76%       FAR: 6.67%      IDA: 1.613 ms
1256-phrase.npy: IDR: 84.92%     MR: 5.95%       FAR: 9.13%      IDA: 1.415 ms
1271-phrase.npy: IDR: 99.25%     MR: 0.75%       FAR: 0.00%      IDA: 0.199 ms
1270-phrase.npy: IDR: 100.00%    MR: 0.00%       FAR: 0.00%      IDA: 0.204 ms
1272-phrase.npy: IDR: 78.87%     MR: 2.82%       FAR: 18.31%     IDA: 1.432 ms
1292-phrase.npy: IDR: 57.14%     MR: 19.05%      FAR: 23.81%     IDA: 3.099 ms
1277-phrase.npy: IDR: 99.39%     MR: 0.00%       FAR: 0.61%      IDA: 0.113 ms
1289-phrase.npy: IDR: 100.00%    MR: 0.00%       FAR: 0.00%      IDA: 0.181 ms
1293-phrase.npy: IDR: 79.69%     MR: 12.50%      FAR: 7.81%      IDA: 1.655 ms
1330-phrase.npy: IDR: 96.67%     MR: 3.33%       FAR: 0.00%      IDA: 0.699 ms
1325-phrase.npy: IDR: 98.43%     MR: 0.00%       FAR: 1.57%      IDA: 1.266 ms
1304-phrase.npy: IDR: 98.77%     MR: 1.23%       FAR: 0.00%      IDA: 0.656 ms
1397-phrase.npy: IDR: 48.84%     MR: 37.21%      FAR: 13.95%     IDA: 2.714 ms
1382-phrase.npy: IDR: 69.64%     MR: 16.07%      FAR: 14.29%     IDA: 1.901 ms
1390-phrase.npy: IDR: 60.87%     MR: 23.91%      FAR: 15.22%     IDA: 1.853 ms
1314-phrase.npy: IDR: 98.31%     MR: 0.85%       FAR: 0.85%      IDA: 1.006 ms
1402-phrase.npy: IDR: 0.00%      MR: 50.00%      FAR: 50.00%     IDA: 0.000 ms
1399-phrase.npy: IDR: 92.37%     MR: 3.05%       FAR: 4.58%      IDA: 0.671 ms
1407-phrase.npy: IDR: 56.52%     MR: 21.74%      FAR: 21.74%     IDA: 3.339 ms
1424-phrase.npy: IDR: 54.84%     MR: 16.13%      FAR: 29.03%     IDA: 0.495 ms
1434-phrase.npy: IDR: 97.52%     MR: 0.00%       FAR: 2.48%      IDA: 0.217 ms
1418-phrase.npy: IDR: 98.69%     MR: 0.87%       FAR: 0.44%      IDA: 0.206 ms
1444-phrase.npy: IDR: 68.25%     MR: 10.32%      FAR: 21.43%     IDA: 2.088 ms
1437-phrase.npy: IDR: 71.43%     MR: 14.29%      FAR: 14.29%     IDA: 2.255 ms
1470-phrase.npy: IDR: 82.22%     MR: 11.85%      FAR: 5.93%      IDA: 1.611 ms
1466-phrase.npy: IDR: 100.00%    MR: 0.00%       FAR: 0.00%      IDA: 0.175 ms
1484-phrase.npy: IDR: 95.79%     MR: 2.63%       FAR: 1.58%      IDA: 0.436 ms
1489-phrase.npy: IDR: 62.86%     MR: 14.29%      FAR: 22.86%     IDA: 2.099 ms
1549-phrase.npy: IDR: 96.92%     MR: 1.54%       FAR: 1.54%      IDA: 0.169 ms
1547-phrase.npy: IDR: 62.50%     MR: 14.58%      FAR: 22.92%     IDA: 2.585 ms
1478-phrase.npy: IDR: 97.50%     MR: 1.67%       FAR: 0.83%      IDA: 0.483 ms
1553-phrase.npy: IDR: 90.00%     MR: 4.12%       FAR: 5.88%      IDA: 1.388 ms
1548-phrase.npy: IDR: 96.25%     MR: 1.25%       FAR: 2.50%      IDA: 0.105 ms
1555-phrase.npy: IDR: 25.00%     MR: 25.00%      FAR: 50.00%     IDA: 0.000 ms
1601-phrase.npy: IDR: 97.66%     MR: 2.34%       FAR: 0.00%      IDA: 0.600 ms
1564-phrase.npy: IDR: 98.60%     MR: 0.00%       FAR: 1.40%      IDA: 1.048 ms
1581-phrase.npy: IDR: 84.36%     MR: 7.11%       FAR: 8.53%      IDA: 1.924 ms
1570-phrase.npy: IDR: 79.53%     MR: 8.84%       FAR: 11.63%     IDA: 1.600 ms
1630-phrase.npy: IDR: 43.48%     MR: 26.09%      FAR: 30.43%     IDA: 1.841 ms
1604-phrase.npy: IDR: 87.43%     MR: 4.19%       FAR: 8.38%      IDA: 1.702 ms
1620-phrase.npy: IDR: 92.59%     MR: 4.63%       FAR: 2.78%      IDA: 1.083 ms
1626-phrase.npy: IDR: 94.41%     MR: 2.10%       FAR: 3.50%      IDA: 0.979 ms
1638-phrase.npy: IDR: 58.82%     MR: 29.41%      FAR: 11.76%     IDA: 3.931 ms
1624-phrase.npy: IDR: 84.62%     MR: 7.69%       FAR: 7.69%      IDA: 0.292 ms
1662-phrase.npy: IDR: 97.56%     MR: 2.44%       FAR: 0.00%      IDA: 0.216 ms
1655-phrase.npy: IDR: 77.92%     MR: 11.69%      FAR: 10.39%     IDA: 1.934 ms
1658-phrase.npy: IDR: 90.91%     MR: 4.09%       FAR: 5.00%      IDA: 0.907 ms
1641-phrase.npy: IDR: 100.00%    MR: 0.00%       FAR: 0.00%      IDA: 1.420 ms
1631-phrase.npy: IDR: 77.66%     MR: 9.57%       FAR: 12.77%     IDA: 2.266 ms
1664-phrase.npy: IDR: 78.67%     MR: 9.00%       FAR: 12.32%     IDA: 1.867 ms
1676-phrase.npy: IDR: 71.71%     MR: 11.84%      FAR: 16.45%     IDA: 2.209 ms
1671-phrase.npy: IDR: 98.84%     MR: 1.16%       FAR: 0.00%      IDA: 0.215 ms
1691-phrase.npy: IDR: 76.27%     MR: 7.91%       FAR: 15.82%     IDA: 1.883 ms
1713-phrase.npy: IDR: 82.89%     MR: 5.35%       FAR: 11.76%     IDA: 1.627 ms
1683-phrase.npy: IDR: 95.03%     MR: 2.21%       FAR: 2.76%      IDA: 1.094 ms
1722-phrase.npy: IDR: 84.75%     MR: 6.78%       FAR: 8.47%      IDA: 1.355 ms
1748-phrase.npy: IDR: 98.95%     MR: 1.05%       FAR: 0.00%      IDA: 0.179 ms
1755-phrase.npy: IDR: 98.19%     MR: 1.20%       FAR: 0.60%      IDA: 0.212 ms
1760-phrase.npy: IDR: 61.45%     MR: 19.28%      FAR: 19.28%     IDA: 2.802 ms
1776-phrase.npy: IDR: 81.82%     MR: 6.06%       FAR: 12.12%     IDA: 3.182 ms
1743-phrase.npy: IDR: 75.17%     MR: 12.76%      FAR: 12.07%     IDA: 1.899 ms
1785-phrase.npy: IDR: 71.09%     MR: 12.50%      FAR: 16.41%     IDA: 1.393 ms
1789-phrase.npy: IDR: 96.57%     MR: 3.43%       FAR: 0.00%      IDA: 0.153 ms
1803-phrase.npy: IDR: 71.03%     MR: 10.34%      FAR: 18.62%     IDA: 2.054 ms
1820-phrase.npy: IDR: 71.61%     MR: 10.32%      FAR: 18.06%     IDA: 2.229 ms
1818-phrase.npy: IDR: 100.00%    MR: 0.00%       FAR: 0.00%      IDA: 0.140 ms
1788-phrase.npy: IDR: 85.86%     MR: 6.81%       FAR: 7.33%      IDA: 1.804 ms
1784-phrase.npy: IDR: 64.00%     MR: 14.67%      FAR: 21.33%     IDA: 2.091 ms
1826-phrase.npy: IDR: 98.47%     MR: 1.53%       FAR: 0.00%      IDA: 0.830 ms
1825-phrase.npy: IDR: 79.03%     MR: 9.68%       FAR: 11.29%     IDA: 2.348 ms
1829-phrase.npy: IDR: 68.62%     MR: 12.77%      FAR: 18.62%     IDA: 2.202 ms
1835-phrase.npy: IDR: 80.65%     MR: 14.19%      FAR: 5.16%      IDA: 1.526 ms
1831-phrase.npy: IDR: 86.80%     MR: 5.58%       FAR: 7.61%      IDA: 1.890 ms
1832-phrase.npy: IDR: 90.24%     MR: 8.94%       FAR: 0.81%      IDA: 0.880 ms
1867-phrase.npy: IDR: 76.32%     MR: 11.84%      FAR: 11.84%     IDA: 2.289 ms
1836-phrase.npy: IDR: 72.22%     MR: 16.67%      FAR: 11.11%     IDA: 1.463 ms
1830-phrase.npy: IDR: 97.60%     MR: 1.80%       FAR: 0.60%      IDA: 0.893 ms
1892-phrase.npy: IDR: 85.81%     MR: 5.16%       FAR: 9.03%      IDA: 1.724 ms
1863-phrase.npy: IDR: 79.24%     MR: 7.63%       FAR: 13.14%     IDA: 2.029 ms
1939-phrase.npy: IDR: 86.99%     MR: 3.25%       FAR: 9.76%      IDA: 0.994 ms
1901-phrase.npy: IDR: 75.41%     MR: 12.57%      FAR: 12.02%     IDA: 2.038 ms
1955-phrase.npy: IDR: 79.79%     MR: 8.22%       FAR: 11.99%     IDA: 1.658 ms
1970-phrase.npy: IDR: 93.69%     MR: 2.91%       FAR: 3.40%      IDA: 0.937 ms
2007-phrase.npy: IDR: 93.87%     MR: 1.84%       FAR: 4.29%      IDA: 0.847 ms
2024-phrase.npy: IDR: 97.37%     MR: 2.63%       FAR: 0.00%      IDA: 0.254 ms
2033-phrase.npy: IDR: 64.00%     MR: 16.00%      FAR: 20.00%     IDA: 2.913 ms
2014-phrase.npy: IDR: 96.02%     MR: 0.80%       FAR: 3.19%      IDA: 0.150 ms
2009-phrase.npy: IDR: 100.00%    MR: 0.00%       FAR: 0.00%      IDA: 0.162 ms
2058-phrase.npy: IDR: 86.67%     MR: 13.33%      FAR: 0.00%      IDA: 1.317 ms
2072-phrase.npy: IDR: 100.00%    MR: 0.00%       FAR: 0.00%      IDA: 0.219 ms
2078-phrase.npy: IDR: 99.24%     MR: 0.76%       FAR: 0.00%      IDA: 0.220 ms
2002-phrase.npy: IDR: 83.40%     MR: 5.11%       FAR: 11.49%     IDA: 2.176 ms
2086-phrase.npy: IDR: 86.01%     MR: 6.74%       FAR: 7.25%      IDA: 1.049 ms
2083-phrase.npy: IDR: 92.09%     MR: 2.26%       FAR: 5.65%      IDA: 1.505 ms
2100-phrase.npy: IDR: 100.00%    MR: 0.00%       FAR: 0.00%      IDA: 0.164 ms
2088-phrase.npy: IDR: 95.96%     MR: 2.02%       FAR: 2.02%      IDA: 0.232 ms
2073-phrase.npy: IDR: 92.83%     MR: 2.64%       FAR: 4.53%      IDA: 1.233 ms
2148-phrase.npy: IDR: 100.00%    MR: 0.00%       FAR: 0.00%      IDA: 0.119 ms
2152-phrase.npy: IDR: 97.50%     MR: 1.67%       FAR: 0.83%      IDA: 0.286 ms
2150-phrase.npy: IDR: 71.33%     MR: 10.67%      FAR: 18.00%     IDA: 2.632 ms
2109-phrase.npy: IDR: 90.00%     MR: 4.09%       FAR: 5.91%      IDA: 1.498 ms
2115-phrase.npy: IDR: 92.11%     MR: 2.63%       FAR: 5.26%      IDA: 2.134 ms
2153-phrase.npy: IDR: 84.25%     MR: 7.53%       FAR: 8.22%      IDA: 1.259 ms
2160-phrase.npy: IDR: 64.20%     MR: 16.67%      FAR: 19.14%     IDA: 2.730 ms
2190-phrase.npy: IDR: 91.94%     MR: 2.42%       FAR: 5.65%      IDA: 1.815 ms
2192-phrase.npy: IDR: 98.09%     MR: 1.91%       FAR: 0.00%      IDA: 0.128 ms
2235-phrase.npy: IDR: 58.82%     MR: 8.82%       FAR: 32.35%     IDA: 1.474 ms
2155-phrase.npy: IDR: 89.73%     MR: 3.80%       FAR: 6.46%      IDA: 1.600 ms
2216-phrase.npy: IDR: 97.53%     MR: 0.00%       FAR: 2.47%      IDA: 0.895 ms
2218-phrase.npy: IDR: 87.91%     MR: 6.59%       FAR: 5.49%      IDA: 1.321 ms
2237-phrase.npy: IDR: 62.00%     MR: 18.00%      FAR: 20.00%     IDA: 1.526 ms
2182-phrase.npy: IDR: 71.60%     MR: 18.52%      FAR: 9.88%      IDA: 2.190 ms
2243-phrase.npy: IDR: 99.35%     MR: 0.65%       FAR: 0.00%      IDA: 0.219 ms
2341-phrase.npy: IDR: 97.97%     MR: 0.51%       FAR: 1.52%      IDA: 0.247 ms
2330-phrase.npy: IDR: 86.71%     MR: 5.20%       FAR: 8.09%      IDA: 1.686 ms
2274-phrase.npy: IDR: 98.18%     MR: 0.00%       FAR: 1.82%      IDA: 0.117 ms
2378-phrase.npy: IDR: 75.96%     MR: 11.54%      FAR: 12.50%     IDA: 1.500 ms
2346-phrase.npy: IDR: 96.35%     MR: 0.73%       FAR: 2.92%      IDA: 0.228 ms
2247-phrase.npy: IDR: 90.16%     MR: 3.83%       FAR: 6.01%      IDA: 1.706 ms
2393-phrase.npy: IDR: 97.98%     MR: 2.02%       FAR: 0.00%      IDA: 0.518 ms
2394-phrase.npy: IDR: 85.19%     MR: 7.41%       FAR: 7.41%      IDA: 1.584 ms
2408-phrase.npy: IDR: 100.00%    MR: 0.00%       FAR: 0.00%      IDA: 0.090 ms
2414-phrase.npy: IDR: 96.06%     MR: 3.15%       FAR: 0.79%      IDA: 0.168 ms
2395-phrase.npy: IDR: 98.04%     MR: 1.96%       FAR: 0.00%      IDA: 0.184 ms
2342-phrase.npy: IDR: 96.43%     MR: 0.00%       FAR: 3.57%      IDA: 1.002 ms
2430-phrase.npy: IDR: 82.45%     MR: 5.32%       FAR: 12.23%     IDA: 1.261 ms
2450-phrase.npy: IDR: 95.90%     MR: 1.64%       FAR: 2.46%      IDA: 0.376 ms
2460-phrase.npy: IDR: 95.00%     MR: 3.50%       FAR: 1.50%      IDA: 0.847 ms
2455-phrase.npy: IDR: 93.79%     MR: 5.08%       FAR: 1.13%      IDA: 0.315 ms
2469-phrase.npy: IDR: 78.05%     MR: 8.13%       FAR: 13.82%     IDA: 2.122 ms
2465-phrase.npy: IDR: 92.90%     MR: 3.28%       FAR: 3.83%      IDA: 1.070 ms
2464-phrase.npy: IDR: 98.06%     MR: 0.49%       FAR: 1.46%      IDA: 0.592 ms
2476-phrase.npy: IDR: 94.08%     MR: 1.78%       FAR: 4.14%      IDA: 0.961 ms
2491-phrase.npy: IDR: 78.38%     MR: 12.16%      FAR: 9.46%      IDA: 1.538 ms
2493-phrase.npy: IDR: 96.10%     MR: 1.30%       FAR: 2.60%      IDA: 0.670 ms
2496-phrase.npy: IDR: 100.00%    MR: 0.00%       FAR: 0.00%      IDA: 0.208 ms
2501-phrase.npy: IDR: 91.95%     MR: 3.36%       FAR: 4.70%      IDA: 1.110 ms
2507-phrase.npy: IDR: 82.28%     MR: 11.39%      FAR: 6.33%      IDA: 1.675 ms
2512-phrase.npy: IDR: 95.73%     MR: 2.56%       FAR: 1.71%      IDA: 0.850 ms
2536-phrase.npy: IDR: 78.01%     MR: 6.38%       FAR: 15.60%     IDA: 1.294 ms
2539-phrase.npy: IDR: 100.00%    MR: 0.00%       FAR: 0.00%      IDA: 0.153 ms
2508-phrase.npy: IDR: 98.22%     MR: 1.78%       FAR: 0.00%      IDA: 0.121 ms
2562-phrase.npy: IDR: 74.81%     MR: 7.63%       FAR: 17.56%     IDA: 2.285 ms
2527-phrase.npy: IDR: 98.69%     MR: 0.65%       FAR: 0.65%      IDA: 0.747 ms
2538-phrase.npy: IDR: 92.27%     MR: 2.21%       FAR: 5.52%      IDA: 1.201 ms
2563-phrase.npy: IDR: 78.91%     MR: 6.12%       FAR: 14.97%     IDA: 1.832 ms
2581-phrase.npy: IDR: 75.27%     MR: 8.06%       FAR: 16.67%     IDA: 1.677 ms
2570-phrase.npy: IDR: 100.00%    MR: 0.00%       FAR: 0.00%      IDA: 0.550 ms
2565-phrase.npy: IDR: 83.04%     MR: 5.36%       FAR: 11.61%     IDA: 1.166 ms
2564-phrase.npy: IDR: 80.21%     MR: 8.33%       FAR: 11.46%     IDA: 2.396 ms

identification_rate:0.8534 miss_rate:0.06969 false_alarm_rate:0.07696 identification_accuracy:0.001253
