143-phrase.npy: IDR: 87.67%      MR: 5.48%       FAR: 6.85%      IDA: 1.204 ms
665-phrase.npy: IDR: 95.89%      MR: 2.05%       FAR: 2.05%      IDA: 0.728 ms
901-phrase.npy: IDR: 64.29%      MR: 35.71%      FAR: 0.00%      IDA: 1.782 ms
1438-phrase.npy: IDR: 98.63%     MR: 1.37%       FAR: 0.00%      IDA: 0.106 ms
1482-phrase.npy: IDR: 84.58%     MR: 6.97%       FAR: 8.46%      IDA: 1.482 ms
1666-phrase.npy: IDR: 84.03%     MR: 7.56%       FAR: 8.40%      IDA: 0.988 ms
1652-phrase.npy: IDR: 98.19%     MR: 1.81%       FAR: 0.00%      IDA: 0.240 ms
1565-phrase.npy: IDR: 100.00%    MR: 0.00%       FAR: 0.00%      IDA: 0.147 ms
1677-phrase.npy: IDR: 98.81%     MR: 0.60%       FAR: 0.60%      IDA: 0.141 ms
1672-phrase.npy: IDR: 99.12%     MR: 0.00%       FAR: 0.88%      IDA: 0.904 ms
1723-phrase.npy: IDR: 100.00%    MR: 0.00%       FAR: 0.00%      IDA: 0.140 ms
1689-phrase.npy: IDR: 99.45%     MR: 0.55%       FAR: 0.00%      IDA: 0.180 ms
1679-phrase.npy: IDR: 89.20%     MR: 4.23%       FAR: 6.57%      IDA: 1.339 ms
1763-phrase.npy: IDR: 64.10%     MR: 19.23%      FAR: 16.67%     IDA: 3.058 ms
1757-phrase.npy: IDR: 68.29%     MR: 15.85%      FAR: 15.85%     IDA: 1.779 ms
1762-phrase.npy: IDR: 95.73%     MR: 4.27%       FAR: 0.00%      IDA: 0.221 ms
1752-phrase.npy: IDR: 99.34%     MR: 0.66%       FAR: 0.00%      IDA: 0.132 ms
1769-phrase.npy: IDR: 100.00%    MR: 0.00%       FAR: 0.00%      IDA: 0.135 ms
1770-phrase.npy: IDR: 96.03%     MR: 3.17%       FAR: 0.79%      IDA: 0.636 ms
1790-phrase.npy: IDR: 82.95%     MR: 9.09%       FAR: 7.95%      IDA: 1.449 ms
1782-phrase.npy: IDR: 87.00%     MR: 4.00%       FAR: 9.00%      IDA: 1.009 ms
1797-phrase.npy: IDR: 82.20%     MR: 11.02%      FAR: 6.78%      IDA: 1.311 ms
1817-phrase.npy: IDR: 85.09%     MR: 6.14%       FAR: 8.77%      IDA: 1.125 ms
1804-phrase.npy: IDR: 88.15%     MR: 4.44%       FAR: 7.41%      IDA: 0.719 ms
1807-phrase.npy: IDR: 86.84%     MR: 5.26%       FAR: 7.89%      IDA: 1.397 ms
1821-phrase.npy: IDR: 88.97%     MR: 6.21%       FAR: 4.83%      IDA: 1.661 ms
1902-phrase.npy: IDR: 76.19%     MR: 9.52%       FAR: 14.29%     IDA: 1.686 ms
1834-phrase.npy: IDR: 81.90%     MR: 8.62%       FAR: 9.48%      IDA: 1.435 ms
1869-phrase.npy: IDR: 85.19%     MR: 8.89%       FAR: 5.93%      IDA: 1.638 ms
1909-phrase.npy: IDR: 90.48%     MR: 0.00%       FAR: 9.52%      IDA: 2.749 ms
1908-phrase.npy: IDR: 86.07%     MR: 7.38%       FAR: 6.56%      IDA: 1.638 ms
1914-phrase.npy: IDR: 98.00%     MR: 1.33%       FAR: 0.67%      IDA: 0.211 ms
1938-phrase.npy: IDR: 90.22%     MR: 4.35%       FAR: 5.43%      IDA: 1.008 ms
1937-phrase.npy: IDR: 50.00%     MR: 25.00%      FAR: 25.00%     IDA: 2.179 ms
1960-phrase.npy: IDR: 74.78%     MR: 13.04%      FAR: 12.17%     IDA: 1.807 ms
1945-phrase.npy: IDR: 100.00%    MR: 0.00%       FAR: 0.00%      IDA: 0.144 ms
1950-phrase.npy: IDR: 81.28%     MR: 7.88%       FAR: 10.84%     IDA: 1.742 ms
1972-phrase.npy: IDR: 82.18%     MR: 10.92%      FAR: 6.90%      IDA: 1.220 ms
1961-phrase.npy: IDR: 99.28%     MR: 0.00%       FAR: 0.72%      IDA: 0.356 ms
1994-phrase.npy: IDR: 97.01%     MR: 1.49%       FAR: 1.49%      IDA: 0.202 ms
1998-phrase.npy: IDR: 94.94%     MR: 1.90%       FAR: 3.16%      IDA: 0.829 ms
1992-phrase.npy: IDR: 81.28%     MR: 9.59%       FAR: 9.13%      IDA: 1.158 ms
2030-phrase.npy: IDR: 85.61%     MR: 6.47%       FAR: 7.91%      IDA: 0.673 ms
2022-phrase.npy: IDR: 99.21%     MR: 0.79%       FAR: 0.00%      IDA: 0.192 ms
2010-phrase.npy: IDR: 68.94%     MR: 13.04%      FAR: 18.01%     IDA: 1.936 ms
2023-phrase.npy: IDR: 89.81%     MR: 5.66%       FAR: 4.53%      IDA: 1.276 ms
2008-phrase.npy: IDR: 83.23%     MR: 8.38%       FAR: 8.38%      IDA: 1.934 ms
2082-phrase.npy: IDR: 79.47%     MR: 8.95%       FAR: 11.58%     IDA: 1.478 ms
2159-phrase.npy: IDR: 92.86%     MR: 3.57%       FAR: 3.57%      IDA: 0.422 ms
2141-phrase.npy: IDR: 74.86%     MR: 11.73%      FAR: 13.41%     IDA: 1.610 ms
2158-phrase.npy: IDR: 76.88%     MR: 13.07%      FAR: 10.05%     IDA: 1.589 ms
2227-phrase.npy: IDR: 84.38%     MR: 9.38%       FAR: 6.25%      IDA: 1.089 ms
2194-phrase.npy: IDR: 81.22%     MR: 9.61%       FAR: 9.17%      IDA: 1.242 ms
2234-phrase.npy: IDR: 74.16%     MR: 8.99%       FAR: 16.85%     IDA: 2.659 ms
2273-phrase.npy: IDR: 95.27%     MR: 3.38%       FAR: 1.35%      IDA: 0.170 ms
2320-phrase.npy: IDR: 80.30%     MR: 11.36%      FAR: 8.33%      IDA: 1.436 ms
2304-phrase.npy: IDR: 86.82%     MR: 5.43%       FAR: 7.75%      IDA: 1.088 ms
2352-phrase.npy: IDR: 99.06%     MR: 0.00%       FAR: 0.94%      IDA: 0.155 ms
2361-phrase.npy: IDR: 96.19%     MR: 2.86%       FAR: 0.95%      IDA: 0.978 ms
2397-phrase.npy: IDR: 98.59%     MR: 1.41%       FAR: 0.00%      IDA: 0.288 ms
2485-phrase.npy: IDR: 100.00%    MR: 0.00%       FAR: 0.00%      IDA: 0.160 ms
2396-phrase.npy: IDR: 84.17%     MR: 5.42%       FAR: 10.42%     IDA: 1.363 ms
2440-phrase.npy: IDR: 71.88%     MR: 17.50%      FAR: 10.62%     IDA: 1.815 ms
2560-phrase.npy: IDR: 86.62%     MR: 5.63%       FAR: 7.75%      IDA: 1.644 ms

identification_rate:0.8723 miss_rate:0.06535 false_alarm_rate:0.06233 identification_accuracy:0.001082
